1 24
2 23
3 22
4 21
5 20
6 19
7 18
8 17
9 16
10 15
11 14
12 13
16 25 
2 17 23 24 28 
10 30 
2 23 32 
2 17 23 28 34 
2 23 28 38 
7 39 
2 17 23 28 41 
2 23 32 42 
2 17 24 28 43 
2 17 23 41 45 
2 17 24 28 48 
2 23 28 49 
17 23 28 41 50 
2 17 24 28 51 
10 30 53 
2 17 55 
2 23 28 41 56 
17 24 48 57 
18 58 
7 18 59 
9 60 
2 17 23 34 61 
12 62 
2 17 28 51 63 
2 17 23 34 65 
23 41 67 
2 23 41 56 68 
23 41 69 
2 23 65 73 
14 74 
2 17 24 43 75 
17 24 48 76 
2 17 51 77 
17 24 43 75 78 
20 79 
2 17 28 43 81 
2 17 24 51 85 
2 17 24 90 
2 91 
2 49 94 
2 23 41 68 95 
28 41 50 96 
2 17 97 
23 41 99 
2 23 73 100 
17 28 51 102 
41 50 104 
2 23 41 56 106 
