1 24
2 23
3 22
4 21
5 20
6 19
7 18
8 17
9 16
10 15
11 14
12 13
7 8 15 24 
17 27 
9 30 
9 30 32 
7 8 15 24 33 
7 8 24 34 
7 24 33 35 
7 8 33 36 
1 24 42 
7 8 15 24 44 
14 45 
8 47 
7 8 24 33 48 
7 8 24 48 50 
7 8 33 51 
7 8 33 36 53 
7 8 15 44 55 
7 8 24 44 56 
8 36 57 
9 60 
7 8 24 33 61 
7 24 62 
8 44 55 64 
7 8 15 24 66 
8 24 33 67 
8 36 53 70 
7 15 24 44 72 
7 73 
7 8 15 55 74 
8 15 44 79 
8 15 44 55 80 
7 8 15 55 81 
24 67 82 
7 24 48 50 83 
8 24 33 61 85 
8 15 44 55 86 
7 8 92 
24 94 
15 44 95 
8 24 33 67 96 
8 24 61 99 
8 15 81 100 
24 35 101 
8 33 102 
8 33 85 103 
7 33 61 104 
8 36 53 70 105 
7 8 92 107 
7 24 44 108 
8 24 33 85 110 
24 48 111 
8 15 44 55 112 
7 8 36 53 113 
8 36 53 105 115 
7 24 62 116 
8 24 44 117 
24 48 50 83 118 
24 99 120 
8 15 55 80 121 
