1 24
2 23
3 22
4 21
5 20
6 19
7 18
8 17
9 16
10 15
11 14
12 13
1 24 25 
7 12 22 24 26 
12 22 24 26 33 
22 24 26 33 35 
7 12 22 24 38 
7 12 22 38 43 
7 12 22 24 47 
7 12 38 48 
11 53 
24 26 35 54 
22 24 26 35 56 
7 22 24 47 59 
22 24 26 56 61 
7 22 24 47 62 
7 12 22 24 63 
22 47 64 
7 24 26 68 
7 12 22 43 69 
7 12 22 47 70 
12 22 63 72 
22 24 56 61 73 
22 24 56 61 74 
22 24 61 73 75 
21 79 
22 24 59 80 
12 22 63 81 
22 24 61 75 82 
21 84 
12 22 47 70 85 
22 24 56 74 87 
18 88 
24 56 90 
22 43 91 
12 85 92 
22 24 61 73 95 
7 24 59 96 
24 61 73 75 97 
24 33 35 109 
