1 24
2 23
3 22
4 21
5 20
6 19
7 18
8 17
9 16
10 15
11 14
12 13
1 14 18 19 26 
1 14 18 26 29 
1 14 18 19 30 
4 31 
14 18 19 30 32 
1 26 33 
14 19 32 37 
14 18 19 30 38 
1 14 18 19 41 
3 22 43 
14 29 44 
14 18 30 46 
12 48 
18 49 
14 46 52 
1 14 18 30 53 
18 26 29 55 
19 26 56 
14 29 59 
1 18 19 61 
18 19 63 
14 18 19 30 64 
1 65 
18 66 
1 14 18 30 70 
1 18 19 41 71 
1 61 72 
17 76 
14 18 30 53 77 
14 19 26 78 
1 18 30 70 79 
19 64 81 
1 18 19 61 84 
6 85 
1 86 
18 19 41 71 88 
1 30 53 89 
2 23 92 
14 18 30 53 95 
18 30 32 96 
18 30 97 
18 98 
14 18 26 100 
16 102 
