1 24
2 23
3 22
4 21
5 20
6 19
7 18
8 17
9 16
10 15
11 14
12 13
10 25 
10 27 
8 28 
15 19 20 29 
15 19 29 30 
9 16 31 
7 18 32 
19 30 34 
15 19 20 29 35 
7 18 38 
20 35 40 
19 29 41 
16 42 
9 43 
8 17 44 
15 19 29 30 47 
30 34 48 
15 19 20 35 49 
19 29 50 
15 19 30 51 
16 52 
10 15 53 
20 29 35 54 
18 55 
15 56 
10 58 
7 32 59 
15 20 29 35 63 
29 30 47 65 
4 66 
15 19 30 67 
21 68 
19 29 30 47 70 
15 19 20 49 71 
30 47 72 
19 29 41 74 
15 19 29 30 75 
29 30 47 76 
20 29 63 78 
19 29 41 79 
7 81 
12 82 
15 19 29 30 83 
15 19 30 84 
19 30 47 70 85 
19 29 87 
29 70 88 
17 89 
30 34 91 
18 93 
19 47 70 94 
15 84 95 
49 71 96 
19 47 70 97 
8 28 98 
15 20 63 99 
8 44 101 
15 20 29 105 
15 19 29 30 106 
10 107 
15 19 29 83 108 
19 47 70 109 
19 20 35 49 111 
15 19 30 83 112 
15 19 29 75 113 
20 63 114 
15 29 30 106 116 
