1 24
2 23
3 22
4 21
5 20
6 19
7 18
8 17
9 16
10 15
11 14
12 13
6 7 17 24 
6 7 17 24 25 
5 26 
1 24 28 
6 7 17 29 
6 7 24 30 
6 7 17 29 31 
6 7 17 25 32 
6 7 17 25 35 
7 17 25 35 36 
6 7 25 35 37 
11 14 38 
7 17 25 36 41 
7 30 42 
6 7 35 37 43 
7 17 25 36 45 
7 17 47 
17 25 35 48 
6 7 25 35 49 
6 7 35 49 50 
35 37 43 51 
7 25 36 52 
7 17 25 53 
6 29 55 
6 17 25 35 56 
6 17 57 
7 18 58 
6 7 24 30 62 
7 52 63 
6 7 17 32 65 
17 29 31 67 
6 7 35 37 69 
20 71 
7 35 37 73 
6 17 24 25 76 
17 24 25 76 77 
17 32 65 78 
6 25 35 49 79 
17 67 80 
6 76 81 
17 25 76 77 84 
6 35 37 43 85 
6 35 86 
11 87 
6 7 25 49 88 
7 25 35 89 
6 24 91 
12 92 
17 76 77 84 93 
17 29 67 94 
6 7 24 95 
5 97 
6 25 35 37 98 
7 25 35 37 100 
11 101 
6 17 35 102 
7 17 25 45 103 
25 53 104 
7 35 100 106 
12 108 
10 109 
6 29 110 
6 7 35 37 113 
35 37 43 114 
7 35 37 116 
17 29 67 117 
32 78 118 
13 119 
2 120 
16 121 
17 35 102 123 
17 76 77 84 124 
32 65 78 125 
