1 24
2 23
3 22
4 21
5 20
6 19
7 18
8 17
9 16
10 15
11 14
12 13
1 14 22 24 
3 22 28 
1 14 22 24 29 
1 14 22 30 
1 14 24 29 31 
23 38 
1 29 39 
1 14 29 31 41 
1 14 24 31 42 
1 14 24 46 
2 47 
1 14 24 49 
1 24 46 50 
1 24 29 51 
3 22 53 
1 22 24 29 54 
1 14 24 31 55 
14 57 
1 24 31 58 
1 29 39 61 
1 29 31 41 62 
1 14 22 24 63 
1 24 46 50 64 
1 14 65 
24 29 66 
14 24 67 
14 24 46 68 
14 31 69 
1 29 62 70 
22 53 71 
1 14 24 75 
1 42 76 
3 22 77 
10 78 
1 54 80 
21 82 
1 29 31 62 83 
1 31 62 83 85 
1 14 86 
15 87 
1 14 24 88 
1 14 24 29 89 
46 64 91 
14 93 
64 91 98 
1 24 50 64 102 
1 22 54 103 
1 31 105 
29 31 62 83 108 
1 24 64 109 
11 110 
1 14 31 42 111 
54 103 113 
29 62 115 
31 62 83 85 116 
14 31 42 111 117 
3 119 
