1 24
2 23
3 22
4 21
5 20
6 19
7 18
8 17
9 16
10 15
11 14
12 13
1 3 8 24 25 
22 26 
1 8 24 25 27 
1 8 24 29 
8 25 27 35 
1 3 8 25 37 
1 24 38 
1 8 24 29 39 
1 24 39 41 
8 24 43 
1 8 24 25 46 
8 24 29 47 
24 25 27 48 
1 3 8 24 50 
1 24 29 39 52 
9 53 
1 29 52 55 
8 25 27 35 57 
8 25 27 59 
5 61 
27 59 62 
8 24 25 46 63 
8 27 66 
1 8 24 25 68 
24 72 
1 8 24 27 73 
1 8 25 46 74 
1 3 8 50 79 
8 25 74 82 
1 8 24 27 83 
1 8 24 50 85 
1 8 24 85 87 
1 3 79 88 
1 8 50 85 89 
1 8 25 46 90 
1 8 46 93 
21 94 
14 95 
8 25 74 82 97 
8 24 85 87 98 
1 39 99 
1 8 27 73 101 
24 103 
1 24 104 
1 3 8 50 105 
1 8 37 107 
1 8 110 
25 74 111 
1 8 27 101 113 
