1 24
2 23
3 22
4 21
5 20
6 19
7 18
8 17
9 16
10 15
11 14
12 13
2 27 
12 13 28 
13 18 21 24 29 
24 30 
13 18 21 24 34 
21 29 36 
13 21 29 38 
13 18 24 29 39 
23 40 
18 34 41 
13 18 21 24 42 
13 39 43 
13 18 24 34 47 
13 18 34 47 48 
13 18 21 24 50 
13 18 47 51 
18 42 53 
13 21 29 55 
21 55 57 
1 60 
21 24 34 61 
24 61 62 
13 21 29 38 63 
13 21 38 63 64 
13 21 38 63 67 
13 21 38 71 
13 64 74 
13 18 21 24 75 
18 24 29 39 76 
13 38 71 78 
19 81 
29 38 63 82 
13 29 38 63 83 
13 18 34 47 84 
13 18 34 48 86 
14 90 
29 76 92 
21 29 38 63 97 
29 39 99 
18 24 29 76 100 
8 17 104 
13 18 47 84 105 
21 29 63 97 106 
18 109 
18 100 111 
10 112 
18 105 113 
