1 24
2 23
3 22
4 21
5 20
6 19
7 18
8 17
9 16
10 15
11 14
12 13
14 15 19 20 25 
15 19 26 
15 19 20 25 27 
15 19 20 27 30 
15 19 20 30 31 
14 19 20 25 32 
20 25 32 33 
15 19 20 30 34 
20 34 36 
15 19 20 37 
15 20 27 30 39 
3 22 41 
19 20 25 27 46 
15 19 20 37 47 
19 20 27 46 49 
19 20 27 46 50 
15 20 27 30 53 
19 20 27 55 
19 25 27 46 56 
19 20 25 27 58 
24 59 
20 27 46 49 60 
20 25 27 58 61 
14 19 20 25 66 
5 67 
20 25 58 68 
14 25 32 69 
14 15 19 20 71 
19 20 27 46 72 
20 30 73 
15 19 26 79 
19 20 27 72 81 
19 27 58 82 
15 19 37 85 
15 19 37 86 
20 25 68 87 
15 20 25 89 
15 19 20 34 90 
20 27 46 49 91 
27 46 49 93 
19 20 30 34 94 
20 27 46 91 95 
20 95 96 
14 25 32 69 98 
19 27 58 82 99 
1 102 
14 19 25 66 103 
15 20 27 30 106 
20 27 49 91 109 
15 20 30 53 110 
14 15 19 71 111 
