1 24
2 23
3 22
4 21
5 20
6 19
7 18
8 17
9 16
10 15
11 14
12 13
3 24 
9 13 23 25 
9 13 23 25 26 
9 13 23 26 29 
9 13 25 26 32 
2 23 33 
9 23 25 35 
9 13 25 26 36 
9 13 25 36 45 
9 13 26 32 46 
21 48 
9 13 23 25 50 
9 13 26 29 52 
9 13 52 54 
10 56 
9 13 52 54 58 
9 13 26 29 60 
9 26 29 52 61 
2 63 
22 65 
13 25 26 36 66 
13 23 25 71 
13 26 32 46 72 
9 13 23 25 74 
9 23 25 74 75 
13 23 25 77 
2 23 33 78 
9 13 23 79 
13 23 25 77 80 
13 77 81 
23 25 71 85 
13 23 25 77 87 
9 13 25 26 89 
23 91 
9 26 92 
9 13 26 96 
13 25 36 45 98 
9 13 89 99 
9 26 89 100 
4 101 
23 77 80 103 
9 13 32 104 
9 13 23 25 108 
