1 24
2 23
3 22
4 21
5 20
6 19
7 18
8 17
9 16
10 15
11 14
12 13
10 15 25 
10 15 25 26 
10 25 26 27 
10 15 25 29 
10 25 27 33 
25 26 27 34 
25 26 27 34 35 
21 37 
10 15 25 39 
9 16 40 
6 41 
25 27 34 35 42 
25 27 34 35 43 
25 34 35 44 
16 48 
10 25 27 50 
25 26 27 51 
25 34 35 43 53 
27 34 35 43 54 
10 15 25 55 
3 57 
34 35 43 53 60 
25 26 27 35 61 
35 43 60 62 
26 27 34 35 63 
10 64 
26 27 34 35 68 
25 34 35 69 
26 27 34 63 70 
16 71 
26 35 63 72 
25 35 43 53 73 
35 43 53 73 77 
26 27 34 70 79 
26 27 34 80 
35 43 53 77 81 
23 82 
35 53 73 77 83 
10 25 26 27 85 
25 34 43 53 88 
26 27 90 
27 35 43 94 
53 73 83 96 
27 34 79 97 
25 35 43 73 98 
53 83 96 99 
10 25 50 102 
6 109 
43 53 73 111 
27 35 54 114 
27 34 43 115 
35 43 73 116 
35 53 73 117 
25 27 34 42 118 
27 34 35 63 119 
26 35 63 121 
43 53 77 122 
10 125 
25 43 73 126 
26 27 34 127 
