1 24
2 23
3 22
4 21
5 20
6 19
7 18
8 17
9 16
10 15
11 14
12 13
5 7 8 23 28 
5 28 31 
5 7 8 28 32 
5 7 8 28 33 
5 20 37 
7 28 38 
8 28 33 40 
7 8 33 41 
5 7 23 42 
5 46 
7 28 48 
5 8 28 50 
8 28 51 
28 50 52 
5 37 53 
5 37 53 55 
7 8 33 57 
33 40 58 
33 40 58 59 
5 7 23 60 
5 7 23 60 61 
6 63 
33 58 64 
5 23 28 66 
7 28 38 67 
8 28 33 69 
5 8 50 70 
7 8 28 33 73 
33 40 59 74 
5 7 33 75 
5 28 77 
7 8 33 41 78 
21 80 
8 28 33 73 82 
7 28 38 89 
7 23 61 90 
12 91 
5 23 28 66 93 
28 66 93 94 
23 28 66 93 96 
8 28 73 97 
7 60 61 100 
7 8 28 33 101 
5 28 32 102 
33 40 59 74 104 
7 23 106 
8 28 33 107 
5 7 8 28 109 
