1 24
2 23
3 22
4 21
5 20
6 19
7 18
8 17
9 16
10 15
11 14
12 13
5 20 24 
5 20 24 26 
5 20 24 26 28 
5 20 24 26 29 
5 20 26 29 30 
5 24 31 
20 26 29 30 33 
26 29 30 33 39 
5 40 
20 24 29 41 
20 24 28 45 
9 46 
5 26 29 30 47 
26 33 50 
20 24 29 41 53 
20 29 30 33 55 
26 29 30 47 57 
26 29 30 57 59 
20 24 53 61 
14 62 
29 30 57 59 63 
20 24 68 
29 33 70 
20 29 30 33 71 
29 57 78 
9 81 
26 29 33 39 82 
5 20 24 26 85 
20 24 26 29 86 
5 20 24 87 
26 29 39 82 88 
29 33 39 90 
29 30 33 39 91 
20 29 30 92 
5 26 29 30 93 
26 29 39 88 94 
20 68 98 
20 26 29 30 99 
29 33 39 91 100 
26 85 101 
26 29 30 57 102 
26 29 103 
20 24 29 41 105 
5 20 26 28 106 
26 29 30 39 108 
20 29 41 109 
29 30 33 55 111 
30 33 39 91 112 
29 30 114 
24 29 116 
20 24 29 86 118 
20 29 119 
20 24 26 86 121 
