1 24
2 23
3 22
4 21
5 20
6 19
7 18
8 17
9 16
10 15
11 14
12 13
1 24 24 
1 24 25 
10 12 22 23 26 
12 26 30 
10 12 23 26 32 
10 23 26 32 34 
23 34 35 
10 22 36 
23 34 37 
10 12 22 26 38 
12 23 26 32 39 
34 37 42 
10 23 32 43 
8 44 
10 12 22 38 49 
12 26 51 
7 52 
10 38 55 
10 12 38 56 
17 60 
26 32 63 
10 23 69 
23 26 32 73 
10 12 38 49 75 
23 43 78 
12 13 79 
12 22 80 
11 14 82 
12 23 32 83 
21 85 
10 23 86 
10 12 22 26 87 
23 34 37 89 
23 32 43 91 
12 22 38 92 
12 23 26 32 93 
12 22 38 92 94 
23 34 37 89 97 
12 23 26 99 
