1 24
2 23
3 22
4 21
5 20
6 19
7 18
8 17
9 16
10 15
11 14
12 13
7 10 19 23 29 
7 23 29 32 
7 23 29 32 33 
23 29 32 33 34 
23 29 37 
23 29 33 42 
5 20 44 
10 19 29 45 
7 46 
1 47 
23 32 33 34 48 
23 50 
14 51 
10 19 29 45 52 
7 23 29 53 
32 33 48 54 
10 23 29 57 
17 60 
24 61 
3 62 
10 29 45 52 66 
7 19 23 29 67 
10 23 68 
23 33 48 69 
10 23 68 70 
23 32 33 48 72 
23 75 
32 33 48 54 76 
7 10 19 29 77 
7 29 32 33 81 
29 32 33 88 
10 29 45 52 90 
18 91 
29 45 90 92 
10 29 52 94 
7 19 29 67 96 
7 32 33 81 99 
10 23 29 100 
10 29 45 52 101 
29 100 103 
7 23 29 53 104 
10 19 29 77 106 
23 68 108 
7 19 23 67 109 
23 32 34 48 113 
3 114 
