1 24
2 23
3 22
4 21
5 20
6 19
7 18
8 17
9 16
10 15
11 14
12 13
7 12 18 24 
7 12 18 24 26 
7 12 24 29 
7 31 
7 12 24 32 
7 12 24 26 33 
7 12 24 33 34 
5 35 
7 24 26 36 
20 37 
7 24 26 36 38 
3 42 
21 44 
7 26 36 38 45 
7 45 48 
26 38 45 49 
7 26 50 
10 54 
1 55 
3 42 56 
7 12 24 26 57 
10 54 58 
12 60 
12 60 61 
9 62 
7 18 24 26 63 
26 38 45 49 64 
23 65 
38 45 49 64 67 
21 69 
7 45 70 
17 71 
3 42 56 73 
12 60 61 76 
7 12 77 
7 26 38 45 81 
7 24 33 34 84 
7 45 85 
7 12 24 26 87 
7 12 24 26 88 
7 12 26 57 89 
18 24 91 
38 67 93 
12 24 26 88 95 
16 98 
7 12 24 101 
7 24 33 34 102 
7 24 104 
7 34 84 105 
7 26 63 108 
