1 24
2 23
3 22
4 21
5 20
6 19
7 18
8 17
9 16
10 15
11 14
12 13
1 15 19 26 
6 28 
2 30 
1 15 19 32 
15 19 34 
6 28 39 
1 19 32 40 
1 19 26 42 
14 44 
1 26 45 
1 32 40 46 
15 32 47 
1 19 32 56 
1 32 40 46 61 
1 32 40 65 
1 15 19 66 
1 19 32 40 67 
1 32 40 61 68 
1 32 40 46 69 
1 40 46 61 70 
1 32 40 69 71 
1 46 69 73 
20 75 
1 32 40 76 
32 40 46 61 77 
1 32 40 79 
46 77 80 
40 61 81 
32 40 69 82 
40 61 83 
22 85 
15 32 47 87 
61 77 89 
1 32 40 68 90 
1 32 40 68 92 
32 40 68 92 95 
1 32 40 46 97 
32 40 61 98 
32 40 46 61 99 
40 46 61 70 100 
32 40 98 102 
1 40 103 
1 32 40 69 104 
1 68 92 105 
2 30 106 
1 32 40 90 107 
2 108 
