1 24
2 23
3 22
4 21
5 20
6 19
7 18
8 17
9 16
10 15
11 14
12 13
6 8 23 24 24 
6 8 24 25 
6 24 25 26 
8 23 31 
8 23 32 
8 24 24 34 
6 24 35 
6 25 26 36 
6 24 25 26 39 
7 40 
6 8 23 24 41 
6 24 26 39 42 
6 23 24 24 43 
25 26 39 44 
6 25 26 39 46 
39 44 47 
25 26 39 44 48 
6 24 24 49 
25 39 50 
8 24 51 
13 55 
10 15 56 
6 24 24 62 
8 23 63 
6 25 39 46 66 
23 24 24 43 69 
25 26 46 70 
24 25 26 39 72 
6 24 24 74 
6 25 39 75 
6 24 25 26 76 
39 66 77 
6 24 25 79 
25 26 39 44 80 
10 81 
25 26 48 82 
6 8 23 24 84 
23 24 24 43 85 
26 39 80 86 
24 26 89 
6 23 24 41 90 
6 24 25 91 
25 39 46 66 92 
24 25 26 39 93 
6 25 26 94 
23 24 24 43 96 
23 24 85 100 
6 23 24 41 101 
8 23 24 84 103 
23 41 101 104 
6 8 24 84 105 
25 39 46 92 108 
