1 24
2 23
3 22
4 21
5 20
6 19
7 18
8 17
9 16
10 15
11 14
12 13
12 22 23 24 
12 22 23 24 26 
12 22 23 24 27 
12 22 23 27 28 
12 24 27 29 
12 22 23 24 31 
23 24 32 
12 22 23 28 33 
14 34 
22 23 24 27 35 
5 20 36 
12 22 24 31 38 
24 27 35 40 
7 18 43 
22 44 
22 31 38 46 
22 31 38 46 48 
12 22 23 24 54 
7 55 
14 57 
22 24 31 38 59 
27 35 61 
20 62 
12 24 27 63 
12 22 23 24 65 
24 27 35 66 
12 28 67 
21 69 
12 22 72 
12 24 26 73 
12 22 28 75 
12 77 
31 38 46 48 78 
12 24 79 
9 82 
12 22 23 83 
24 27 29 84 
7 18 43 85 
12 22 27 28 86 
12 22 23 24 89 
3 90 
21 92 
9 94 
6 95 
38 48 96 
7 55 98 
55 98 99 
1 24 103 
12 26 105 
26 73 106 
8 107 
