1 24
2 23
3 22
4 21
5 20
6 19
7 18
8 17
9 16
10 15
11 14
12 13
2 5 13 25 
9 28 
5 13 25 32 
2 5 13 25 33 
23 34 
2 5 13 25 40 
5 13 25 32 45 
5 13 47 
5 13 25 32 48 
2 5 13 25 52 
5 13 54 
1 56 
5 13 32 45 57 
2 5 13 25 58 
2 5 13 59 
13 32 45 57 60 
13 32 45 60 61 
2 5 13 25 64 
5 13 25 33 66 
5 13 25 64 68 
7 70 
5 13 25 52 71 
13 32 45 73 
5 13 84 
17 85 
17 86 
5 13 25 48 87 
13 45 73 88 
5 13 25 48 89 
2 5 52 93 
5 13 25 95 
5 13 25 96 
5 13 98 
19 99 
5 13 57 100 
13 25 33 66 101 
5 13 25 103 
5 93 106 
