1 24
2 23
3 22
4 21
5 20
6 19
7 18
8 17
9 16
10 15
11 14
12 13
7 18 26 
5 10 11 20 27 
6 28 
12 13 29 
4 30 
10 11 20 27 31 
10 11 27 31 32 
5 33 
10 11 31 36 
3 22 39 
5 10 20 41 
10 11 20 31 42 
5 10 11 27 43 
5 11 27 43 46 
4 49 
10 11 27 50 
10 11 31 52 
11 54 
5 11 20 27 56 
11 58 
10 20 27 59 
10 27 43 60 
11 27 43 46 61 
10 31 64 
10 31 64 66 
14 67 
10 20 27 59 68 
20 59 68 70 
10 11 27 31 71 
10 20 31 73 
10 11 31 71 77 
11 78 
10 11 20 27 79 
59 68 80 
10 11 43 85 
11 20 27 79 89 
19 90 
10 11 31 91 
10 11 31 36 95 
10 11 20 96 
5 11 20 56 98 
10 20 27 79 99 
27 43 46 61 100 
10 27 31 32 101 
