1 24
2 23
3 22
4 21
5 20
6 19
7 18
8 17
9 16
10 15
11 14
12 13
4 9 11 21 24 
9 11 21 24 28 
4 9 24 31 
6 33 
4 9 24 36 
4 9 11 21 37 
9 11 21 24 43 
4 9 11 37 46 
4 9 21 37 47 
4 9 47 48 
9 21 24 28 50 
9 24 50 52 
19 56 
4 37 59 
17 60 
9 11 37 46 61 
1 24 64 
9 21 24 28 70 
4 9 24 36 72 
9 24 36 72 73 
4 9 31 75 
9 11 24 28 76 
14 77 
11 21 24 43 80 
9 11 24 28 82 
9 11 21 24 83 
9 11 37 46 84 
9 11 46 61 85 
9 11 61 87 
9 11 61 87 89 
14 90 
9 24 36 91 
24 43 94 
4 9 36 72 95 
9 24 50 96 
9 24 36 72 98 
24 50 52 100 
4 9 36 101 
4 9 24 31 102 
21 24 103 
