1 24
2 23
3 22
4 21
5 20
6 19
7 18
8 17
9 16
10 15
11 14
12 13
8 17 26 
8 17 26 27 
8 17 26 27 28 
17 26 27 28 29 
8 17 32 
17 26 27 36 
9 38 
8 27 28 39 
8 27 43 
19 44 
8 17 26 28 47 
8 17 26 27 49 
8 17 26 27 53 
8 17 49 54 
8 27 55 
17 26 27 53 56 
8 28 47 57 
10 58 
28 47 59 
1 60 
8 57 63 
8 26 49 64 
3 66 
17 27 29 67 
17 27 68 
17 26 27 53 70 
9 71 
8 17 27 28 72 
8 28 47 57 74 
28 39 75 
9 76 
8 17 72 77 
13 79 
8 28 47 57 81 
17 26 27 53 84 
8 28 47 57 85 
39 75 86 
17 26 53 88 
17 26 27 36 89 
26 27 28 29 90 
17 26 27 36 91 
26 27 53 56 93 
17 26 27 94 
17 26 47 95 
17 26 27 29 97 
17 26 27 36 99 
28 85 101 
8 27 102 
26 27 36 103 
26 36 91 104 
26 27 29 97 106 
6 109 
9 110 
26 93 111 
8 17 26 49 112 
13 113 
17 26 36 114 
26 27 29 97 115 
17 26 27 53 116 
27 29 97 115 117 
