1 24
2 23
3 22
4 21
5 20
6 19
7 18
8 17
9 16
10 15
11 14
12 13
9 22 24 24 
9 22 24 24 25 
9 22 24 24 27 
10 15 28 
22 27 32 
22 24 24 27 37 
22 24 24 38 
9 22 24 24 40 
22 24 37 41 
2 43 
9 24 24 46 
22 24 37 48 
24 37 48 51 
24 46 52 
9 24 53 
5 20 54 
24 41 56 
9 24 24 27 57 
22 37 60 
22 24 24 38 62 
22 24 37 63 
9 24 24 65 
11 66 
24 65 68 
22 73 
24 24 74 
22 24 76 
22 24 24 27 80 
24 27 81 
9 22 24 40 82 
9 24 24 83 
22 24 24 38 84 
24 24 27 85 
24 37 48 87 
24 24 27 89 
5 54 90 
10 15 91 
24 24 94 
9 24 24 83 95 
24 24 96 
9 22 97 
22 24 38 104 
22 24 24 105 
24 24 83 106 
