1 24
2 23
3 22
4 21
5 20
6 19
7 18
8 17
9 16
10 15
11 14
12 13
14 19 24 24 
14 19 24 24 25 
14 19 24 24 26 
19 24 28 
14 19 24 24 30 
19 24 26 33 
14 19 24 26 34 
14 26 35 
14 19 26 34 36 
19 26 36 38 
14 19 24 39 
14 24 24 41 
14 19 24 24 43 
9 44 
14 26 34 36 45 
14 24 26 34 46 
14 19 24 26 48 
14 24 24 51 
14 24 24 25 52 
25 52 54 
14 26 34 36 55 
8 57 
14 24 58 
1 59 
14 19 60 
14 58 62 
3 63 
1 64 
14 24 26 66 
19 24 68 
14 58 62 69 
19 24 26 34 70 
14 34 36 71 
14 19 24 72 
14 36 45 74 
14 34 36 71 77 
14 34 71 77 78 
14 34 45 80 
14 34 82 
14 19 34 36 83 
15 86 
14 19 24 24 87 
14 26 34 45 89 
19 24 26 98 
19 24 26 98 104 
19 106 
