1 24
2 23
3 22
4 21
5 20
6 19
7 18
8 17
9 16
10 15
11 14
12 13
9 16 24 
9 16 24 25 
2 29 
9 16 24 25 30 
9 24 33 
2 29 35 
9 16 24 25 36 
16 24 25 36 37 
16 25 40 
24 25 43 
16 24 25 36 44 
1 24 45 
9 16 25 30 48 
9 16 24 25 49 
24 25 36 37 52 
9 25 36 56 
9 16 25 30 59 
9 16 24 49 61 
16 25 36 44 62 
16 25 36 44 63 
9 36 64 
16 24 30 68 
6 71 
16 24 37 73 
24 25 36 74 
49 61 75 
11 76 
16 24 36 44 78 
25 44 79 
25 36 37 52 80 
24 25 82 
36 44 78 84 
9 25 59 86 
25 44 63 87 
11 89 
9 48 90 
8 92 
16 24 25 95 
9 25 36 97 
25 36 52 80 98 
9 16 30 48 99 
16 24 30 101 
36 80 102 
25 36 98 104 
25 36 37 80 106 
16 25 36 37 110 
44 84 111 
