1 24
2 23
3 22
4 21
5 20
6 19
7 18
8 17
9 16
10 15
11 14
12 13
7 9 21 24 
7 9 21 24 25 
7 9 24 25 27 
7 9 25 27 30 
7 21 24 25 37 
14 38 
7 9 30 42 
9 30 44 
3 45 
9 21 24 25 47 
7 9 24 25 50 
1 24 51 
7 9 50 54 
9 42 55 
7 24 25 50 56 
3 58 
14 60 
14 60 61 
7 9 62 
7 9 24 50 63 
9 21 24 25 65 
12 68 
7 9 24 71 
17 72 
7 9 50 63 73 
7 50 63 73 74 
22 76 
9 21 24 25 77 
7 9 63 79 
7 24 50 83 
7 9 25 30 85 
9 25 30 85 86 
7 9 63 79 88 
7 9 25 50 89 
9 63 90 
9 21 25 92 
25 30 85 86 93 
7 9 25 94 
