1 24
2 23
3 22
4 21
5 20
6 19
7 18
8 17
9 16
10 15
11 14
12 13
2 13 19 20 25 
13 25 26 
3 22 28 
2 20 25 29 
13 19 20 32 
2 20 25 29 33 
2 20 25 29 35 
4 37 
2 20 25 29 38 
13 19 20 25 39 
29 38 40 
2 13 20 25 41 
19 42 
2 20 25 33 44 
1 24 45 
20 25 29 35 49 
2 54 
13 19 20 56 
2 25 33 44 57 
20 25 29 35 58 
1 45 59 
20 25 29 49 60 
20 25 29 49 61 
2 20 29 33 62 
2 25 29 35 65 
2 67 
13 19 20 25 69 
2 20 29 38 70 
25 33 44 57 72 
25 29 35 74 
2 25 33 44 75 
4 37 76 
20 25 49 60 77 
20 25 33 44 78 
20 25 82 
13 25 83 
25 44 84 
17 85 
2 33 87 
2 20 38 70 88 
20 25 35 58 89 
2 91 
25 29 49 60 93 
20 25 29 95 
2 20 25 29 96 
20 29 49 60 97 
2 102 
25 33 44 103 
29 35 74 105 
20 25 49 60 107 
20 49 60 97 110 
20 25 35 113 
