1 24
2 23
3 22
4 21
5 20
6 19
7 18
8 17
9 16
10 15
11 14
12 13
11 12 18 24 
11 12 18 24 25 
11 26 
11 12 24 25 29 
11 14 30 
5 31 
5 31 32 
5 32 34 
12 18 24 25 35 
1 36 
12 25 39 
11 12 24 29 40 
11 12 18 25 41 
16 42 
12 18 24 25 43 
11 12 18 25 44 
1 36 46 
11 18 24 25 48 
12 18 49 
12 24 25 43 50 
11 12 24 29 51 
11 12 18 24 53 
24 40 54 
24 25 35 56 
9 57 
11 12 24 29 58 
11 12 18 41 59 
11 18 24 53 61 
11 18 63 
18 24 66 
11 67 
9 68 
18 24 25 48 69 
11 18 25 48 70 
12 25 43 50 72 
24 25 50 73 
12 18 24 43 77 
18 24 48 69 78 
11 12 29 51 80 
24 29 81 
12 51 84 
13 85 
25 44 86 
11 24 29 40 89 
12 24 29 58 91 
20 92 
18 24 93 
11 12 29 80 96 
18 48 69 100 
12 18 24 77 101 
23 103 
12 24 25 43 104 
24 40 54 105 
11 25 48 70 106 
12 25 104 110 
18 111 
19 112 
12 43 50 72 114 
12 29 58 91 117 
