1 24
2 23
3 22
4 21
5 20
6 19
7 18
8 17
9 16
10 15
11 14
12 13
2 23 26 
3 6 14 22 27 
3 14 27 28 
6 14 22 27 30 
6 14 22 30 32 
6 14 27 33 
6 22 27 34 
3 14 22 35 
6 14 27 30 36 
6 14 22 30 37 
6 14 40 
6 22 30 37 41 
3 22 43 
6 27 30 45 
14 28 48 
6 36 49 
3 6 22 27 50 
30 37 51 
6 22 52 
6 22 27 34 54 
3 27 55 
24 57 
6 22 58 
6 27 54 59 
14 40 61 
6 22 27 50 66 
4 67 
6 14 32 68 
3 22 71 
6 27 54 59 74 
27 36 80 
3 6 27 50 85 
5 20 86 
30 41 87 
6 27 59 74 88 
6 27 30 36 89 
6 22 50 66 91 
16 92 
30 51 95 
6 97 
20 86 98 
6 22 50 66 99 
6 22 50 66 100 
11 101 
5 104 
6 22 27 34 106 
27 54 59 107 
22 30 108 
21 111 
6 22 66 112 
