1 24
2 23
3 22
4 21
5 20
6 19
7 18
8 17
9 16
10 15
11 14
12 13
6 19 24 
12 25 
6 19 24 26 
6 19 24 29 
6 19 30 
5 31 
15 33 
15 36 
21 38 
9 39 
6 19 24 26 40 
6 19 24 26 41 
24 29 42 
6 19 24 26 43 
24 26 40 44 
6 24 26 43 46 
17 51 
6 24 41 52 
1 54 
6 19 24 29 55 
6 24 29 55 56 
19 24 26 57 
6 24 26 40 58 
19 24 29 55 59 
19 60 
6 19 24 26 61 
6 55 63 
24 26 57 65 
5 68 
19 24 26 61 72 
19 24 73 
19 24 55 59 76 
14 79 
3 80 
22 81 
8 17 83 
6 19 24 61 84 
15 86 
17 87 
24 55 59 76 89 
19 24 55 90 
24 43 46 92 
6 19 40 93 
19 26 61 72 94 
19 24 55 95 
6 19 26 41 96 
6 24 26 41 100 
14 102 
14 103 
6 24 26 104 
19 73 106 
6 24 43 46 107 
24 29 110 
19 26 111 
