1 24
2 23
3 22
4 21
5 20
6 19
7 18
8 17
9 16
10 15
11 14
12 13
2 14 15 24 26 
2 14 15 26 28 
14 15 26 28 30 
14 26 28 35 
2 14 24 26 36 
14 26 28 30 41 
15 26 28 30 42 
14 30 44 
24 45 
14 15 26 30 47 
1 48 
2 14 15 28 49 
2 14 24 26 50 
1 51 
2 14 53 
14 15 26 55 
15 28 30 42 56 
2 14 28 59 
14 15 26 28 60 
2 14 26 50 61 
14 15 26 28 62 
15 26 28 62 63 
15 28 30 42 64 
2 14 24 26 68 
14 26 28 60 69 
26 28 62 73 
14 24 26 68 75 
3 76 
2 14 26 68 77 
2 78 
2 14 26 77 79 
14 26 28 62 81 
28 62 82 
15 26 30 47 83 
19 84 
26 28 62 73 85 
14 26 77 79 86 
15 26 87 
15 30 88 
14 15 89 
14 24 26 36 90 
24 26 36 90 91 
15 42 93 
2 26 50 95 
15 28 30 42 98 
14 28 101 
14 26 28 35 102 
26 28 81 103 
14 15 26 30 104 
15 26 28 60 105 
28 73 85 106 
2 78 107 
26 28 109 
15 26 28 110 
14 24 112 
