1 24
2 23
3 22
4 21
5 20
6 19
7 18
8 17
9 16
10 15
11 14
12 13
12 13 24 
8 17 24 
12 13 24 
8 17 25 
17 24 25 
8 24 25 
7 18 25 
8 17 26 
5 20 26 
24 25 26 
12 24 27 
8 17 27 
5 26 27 
4 21 28 
8 17 28 
6 19 28 
18 25 29 
8 17 29 
6 28 29 
13 24 30 
5 20 30 
20 26 30 
9 16 31 
6 29 31 
20 30 31 
1 24 32 
17 25 32 
21 28 32 
4 21 33 
17 25 33 
9 16 33 
24 32 34 
12 24 34 
6 29 34 
17 25 35 
17 25 35 
6 29 35 
26 27 36 
16 31 36 
4 28 36 
9 16 37 
11 14 37 
8 28 37 
17 28 37 
26 30 38 
5 26 38 
9 37 38 
8 24 38 
5 38 39 
8 24 39 
17 25 39 
7 18 40 
25 35 40 
24 32 40 
17 28 41 
8 17 41 
8 38 41 
7 18 42 
6 29 42 
16 31 42 
21 28 42 
17 35 43 
29 35 43 
16 31 43 
17 24 44 
38 41 44 
28 32 44 
17 41 45 
24 38 45 
8 24 45 
8 39 46 
17 29 46 
11 14 46 
17 41 47 
8 24 47 
8 39 47 
2 23 48 
17 25 48 
17 41 48 
11 14 49 
8 27 49 
29 46 49 
12 27 49 
24 38 50 
41 48 50 
5 20 50 
16 31 51 
12 27 51 
20 30 51 
17 25 52 
9 37 52 
1 24 52 
12 51 53 
41 45 53 
7 42 53 
6 19 54 
17 25 54 
21 42 54 
45 53 55 
23 48 55 
6 42 55 
17 25 56 
17 52 56 
16 31 56 
18 40 56 
6 35 57 
1 24 57 
17 25 57 
6 54 58 
8 25 58 
39 46 58 
6 28 59 
39 46 59 
25 39 59 
21 28 60 
25 57 60 
24 25 60 
12 13 61 
5 20 61 
8 39 61 
17 25 62 
8 58 62 
17 41 62 
6 42 63 
17 37 63 
9 16 63 
6 19 64 
5 38 64 
16 33 64 
21 28 65 
38 64 65 
17 41 65 
16 33 66 
8 39 66 
6 42 66 
25 35 66 
12 13 67 
2 48 67 
24 38 67 
13 24 67 
7 25 68 
20 30 68 
6 34 68 
28 32 69 
45 53 69 
24 25 69 
34 68 70 
42 55 70 
25 35 70 
6 42 70 
21 28 71 
11 37 71 
34 68 71 
9 16 72 
6 42 72 
13 61 72 
12 27 73 
25 29 73 
25 39 73 
12 53 74 
4 28 74 
12 24 74 
25 68 75 
57 60 75 
20 31 75 
8 46 76 
28 69 76 
6 42 76 
6 29 76 
25 35 77 
28 42 77 
17 47 77 
8 39 78 
16 31 78 
6 29 78 
42 63 79 
25 60 79 
8 17 79 
48 55 80 
11 14 80 
27 36 80 
35 57 81 
6 66 81 
24 50 81 
9 16 82 
4 21 82 
8 58 82 
4 21 83 
8 58 83 
16 31 83 
41 53 84 
8 25 84 
12 51 84 
35 66 84 
12 73 85 
29 46 85 
4 28 85 
12 13 85 
8 37 86 
47 77 86 
17 24 86 
8 17 87 
16 33 87 
26 27 87 
6 54 88 
5 20 88 
17 56 88 
2 23 89 
6 63 89 
16 31 89 
20 30 90 
1 52 90 
16 89 90 
25 54 91 
17 47 91 
18 56 91 
16 37 91 
25 60 92 
28 36 92 
35 84 92 
4 21 93 
21 83 93 
8 27 93 
34 68 93 
60 75 94 
6 54 94 
41 84 94 
23 55 94 
25 35 95 
17 56 95 
7 18 95 
11 14 96 
28 69 96 
17 46 96 
10 15 96 
17 41 97 
6 72 97 
35 92 97 
35 40 98 
1 24 98 
17 54 98 
8 46 99 
2 23 99 
8 24 99 
39 46 100 
52 56 100 
13 24 100 
34 71 101 
8 39 101 
25 54 101 
14 49 102 
5 26 102 
4 93 102 
8 46 102 
24 47 103 
18 40 103 
16 31 103 
24 74 104 
40 56 104 
25 39 104 
8 46 105 
68 75 105 
42 70 105 
19 28 106 
39 46 106 
16 43 106 
17 43 107 
42 55 107 
28 37 107 
8 46 108 
16 43 108 
40 56 108 
14 80 108 
17 24 109 
60 75 109 
41 53 109 
17 25 110 
27 87 110 
27 87 110 
10 15 111 
39 78 111 
17 29 111 
24 99 112 
35 43 112 
5 26 112 
25 26 113 
42 66 113 
17 24 113 
53 55 114 
23 99 114 
6 94 114 
6 29 115 
77 86 115 
35 95 115 
1 24 116 
39 47 116 
4 28 116 
49 102 117 
38 67 117 
92 97 117 
55 94 118 
8 25 118 
15 111 118 
46 100 119 
39 61 119 
18 25 119 
34 68 120 
17 37 120 
77 86 120 
6 28 121 
8 17 121 
4 21 121 
58 82 121 
29 76 122 
8 25 122 
39 106 122 
13 24 123 
46 119 123 
39 119 123 
39 78 124 
17 41 124 
111 118 124 
4 116 125 
25 35 125 
39 61 125 
41 124 126 
17 87 126 
16 31 126 
8 28 127 
55 107 127 
6 59 127 
87 110 128 
46 119 128 
42 77 128 
93 102 129 
16 31 129 
16 31 129 
24 113 130 
5 30 130 
4 82 130 
40 108 131 
34 101 131 
12 51 131 
29 76 132 
34 68 132 
24 113 132 
24 113 133 
42 55 133 
46 119 133 
20 30 134 
8 39 134 
40 56 134 
40 56 135 
86 115 135 
31 43 135 
13 67 135 
8 41 136 
34 101 136 
31 75 136 
46 105 137 
16 43 137 
6 59 137 
26 102 138 
38 50 138 
31 135 138 
8 17 139 
17 57 139 
55 114 139 
8 17 140 
42 107 140 
13 24 140 
27 73 141 
17 24 141 
13 140 141 
46 128 142 
17 35 142 
25 39 142 
26 102 143 
6 76 143 
75 109 143 
48 67 144 
16 31 144 
32 44 144 
16 90 145 
46 106 145 
46 128 145 
61 72 146 
17 43 146 
27 87 146 
17 37 147 
24 34 147 
68 93 147 
35 112 148 
12 74 148 
46 105 148 
5 20 149 
8 24 149 
41 50 149 
60 94 150 
8 27 150 
41 48 150 
8 62 151 
8 46 151 
67 135 151 
48 150 152 
17 48 152 
40 134 152 
46 128 153 
25 48 153 
12 24 153 
5 38 154 
13 61 154 
16 56 154 
12 85 155 
17 41 155 
28 37 155 
7 25 155 
17 35 156 
17 33 156 
25 60 156 
8 17 156 
68 71 157 
42 77 157 
112 148 157 
42 79 158 
24 100 158 
8 39 158 
25 32 158 
29 46 159 
35 156 159 
17 37 159 
43 106 160 
8 121 160 
20 68 160 
45 53 160 
46 100 161 
25 91 161 
8 39 161 
9 38 162 
39 111 162 
60 79 162 
25 57 162 
17 48 163 
25 40 163 
41 53 163 
23 89 164 
28 85 164 
31 129 164 
12 74 165 
27 73 165 
26 27 165 
8 136 165 
17 142 166 
17 152 166 
35 81 166 
24 141 166 
25 39 167 
6 127 167 
57 60 167 
11 49 168 
17 142 168 
35 81 168 
33 156 169 
29 115 169 
8 87 169 
13 85 170 
31 75 170 
16 108 170 
34 68 171 
13 85 171 
105 148 171 
34 68 172 
35 168 172 
12 27 172 
128 142 173 
12 172 173 
12 51 173 
8 39 174 
25 54 174 
82 121 174 
25 33 175 
25 32 175 
109 143 175 
20 90 176 
42 66 176 
112 148 176 
46 106 176 
57 167 177 
34 120 177 
6 59 177 
26 27 178 
46 145 178 
24 74 178 
17 45 179 
25 69 179 
6 29 179 
25 153 180 
4 116 180 
16 31 180 
39 101 181 
61 72 181 
24 38 181 
24 140 182 
43 135 182 
43 135 182 
35 156 183 
8 158 183 
1 24 183 
12 51 184 
17 24 184 
8 49 184 
4 21 185 
56 154 185 
17 48 185 
148 157 186 
26 102 186 
40 108 186 
14 80 187 
106 176 187 
68 71 187 
20 30 187 
16 37 188 
6 34 188 
52 56 188 
25 142 189 
27 73 189 
29 76 189 
26 102 189 
28 37 190 
35 70 190 
25 35 190 
8 121 191 
12 51 191 
40 103 191 
24 166 191 
6 97 192 
87 146 192 
25 35 192 
8 184 193 
28 65 193 
6 59 193 
113 133 194 
6 76 194 
39 162 194 
42 176 195 
39 59 195 
17 24 195 
36 80 196 
25 39 196 
31 78 196 
108 131 197 
31 75 197 
6 63 197 
18 25 197 
93 147 198 
5 30 198 
12 27 198 
28 76 199 
21 33 199 
17 41 199 
8 37 200 
31 164 200 
21 32 200 
90 145 201 
40 103 201 
105 148 201 
12 74 202 
17 79 202 
61 72 202 
8 39 203 
58 82 203 
46 128 203 
28 41 204 
16 129 204 
82 174 204 
56 154 205 
8 17 205 
17 126 205 
56 188 206 
25 91 206 
25 48 206 
39 116 207 
27 172 207 
6 28 207 
30 51 208 
26 87 208 
39 106 208 
20 176 209 
25 180 209 
17 35 209 
77 86 210 
68 147 210 
17 65 210 
55 114 211 
51 184 211 
24 32 211 
46 137 212 
42 53 212 
20 30 212 
176 187 212 
34 71 213 
24 25 213 
6 54 213 
92 97 214 
8 121 214 
13 171 214 
39 78 215 
25 32 215 
93 147 215 
25 104 216 
78 124 216 
13 171 216 
35 156 217 
12 202 217 
17 24 217 
1 183 218 
42 70 218 
92 97 218 
17 98 219 
140 182 219 
76 143 219 
8 214 220 
128 173 220 
86 115 220 
129 204 221 
11 14 221 
47 86 221 
17 26 222 
39 111 222 
1 183 222 
28 116 222 
25 32 223 
6 59 223 
46 100 223 
8 87 224 
17 24 224 
70 190 224 
