1 24
2 23
3 22
4 21
5 20
6 19
7 18
8 17
9 16
10 15
11 14
12 13
4 21 24 
5 20 24 
12 13 24 
5 24 25 
12 24 25 
10 15 26 
5 24 26 
10 15 26 
24 25 27 
5 24 27 
12 24 28 
25 27 28 
13 24 29 
25 27 29 
13 24 30 
4 21 30 
13 24 30 
15 26 31 
5 24 31 
6 19 31 
25 27 32 
24 25 32 
1 24 33 
15 26 33 
15 26 34 
4 30 34 
11 14 34 
12 28 35 
24 29 35 
29 35 36 
5 24 36 
12 13 36 
25 27 37 
8 17 37 
13 24 37 
5 36 38 
4 30 38 
13 24 39 
8 37 39 
20 24 40 
19 31 40 
4 30 41 
13 39 41 
12 28 42 
20 40 42 
36 38 43 
1 33 43 
5 38 44 
3 22 44 
24 33 45 
13 30 45 
13 41 45 
24 45 46 
5 36 46 
5 27 46 
1 43 47 
14 34 47 
19 40 47 
24 45 48 
13 39 48 
9 16 48 
22 44 49 
24 31 49 
5 31 50 
13 24 50 
1 33 51 
4 21 51 
4 21 52 
15 26 52 
4 52 53 
24 40 53 
24 25 54 
5 24 54 
21 24 55 
19 40 55 
5 25 55 
5 24 56 
38 43 56 
39 41 57 
38 56 57 
8 39 57 
24 35 58 
13 37 58 
27 28 58 
31 40 59 
34 47 59 
12 13 60 
13 29 60 
13 45 60 
44 49 61 
1 33 61 
12 60 61 
24 25 62 
5 24 62 
27 58 62 
8 57 63 
36 38 63 
27 62 63 
1 51 64 
27 63 64 
26 34 64 
39 41 65 
29 35 65 
24 54 65 
5 55 66 
33 43 66 
34 47 66 
13 24 67 
5 55 67 
4 30 67 
27 28 68 
5 67 68 
45 48 68 
10 26 69 
13 67 69 
19 40 69 
12 24 70 
38 57 70 
24 55 70 
36 38 71 
52 53 71 
36 63 72 
4 51 72 
39 57 73 
5 55 73 
13 30 73 
20 40 74 
12 13 74 
24 25 74 
44 61 75 
5 62 75 
27 62 75 
43 56 76 
12 24 76 
43 56 77 
25 27 77 
25 77 78 
24 29 78 
12 74 78 
45 48 79 
12 35 79 
21 52 79 
35 79 80 
44 49 80 
27 58 80 
35 79 81 
5 50 81 
48 79 81 
12 76 82 
4 34 82 
10 26 83 
63 72 83 
39 57 84 
5 55 84 
25 62 84 
10 15 85 
36 38 85 
13 24 85 
13 45 86 
39 57 86 
4 82 86 
52 79 87 
4 52 87 
24 33 88 
12 60 88 
3 22 89 
33 88 89 
79 81 89 
33 43 90 
4 67 90 
57 70 91 
1 64 91 
8 17 92 
35 58 92 
33 43 93 
34 47 93 
24 25 93 
12 13 94 
13 74 94 
13 29 94 
52 79 95 
25 55 95 
24 27 95 
53 71 96 
24 25 96 
17 37 96 
13 29 97 
17 92 97 
21 24 98 
5 24 98 
13 94 98 
57 91 99 
5 50 99 
19 69 99 
5 55 100 
57 63 100 
15 26 100 
24 62 101 
33 51 101 
24 55 101 
4 21 102 
3 22 102 
33 89 103 
27 28 103 
5 62 104 
13 41 104 
53 71 104 
67 68 105 
13 60 105 
39 41 106 
22 44 106 
24 46 107 
88 89 107 
8 37 108 
45 60 108 
26 34 108 
57 91 109 
24 25 109 
25 27 110 
38 63 110 
79 81 111 
44 49 111 
25 27 111 
35 65 112 
71 96 112 
10 15 113 
5 31 113 
27 77 114 
10 26 114 
34 59 115 
41 104 115 
24 27 116 
34 47 116 
28 103 116 
12 28 117 
53 71 117 
52 95 118 
1 64 118 
8 37 119 
1 64 119 
29 65 119 
5 50 120 
12 24 120 
1 33 120 
15 26 121 
35 79 121 
7 18 121 
34 47 122 
5 24 122 
33 43 123 
35 65 123 
24 49 123 
21 24 124 
33 51 124 
26 108 125 
27 111 125 
13 74 125 
29 78 126 
27 111 126 
5 24 127 
41 104 127 
56 57 127 
91 109 128 
4 30 128 
44 75 128 
5 67 129 
26 114 129 
94 98 130 
31 50 130 
77 114 130 
24 85 131 
44 49 131 
55 101 131 
30 73 132 
24 74 132 
12 28 132 
25 27 133 
25 96 133 
12 13 133 
24 67 134 
27 125 134 
36 63 135 
13 94 135 
35 79 136 
49 61 136 
74 78 136 
13 39 137 
24 54 137 
41 104 137 
27 62 138 
5 55 138 
53 117 139 
24 25 139 
5 99 140 
13 125 140 
41 104 140 
24 33 141 
17 97 141 
24 25 141 
43 66 142 
5 113 142 
39 57 143 
38 57 143 
44 111 144 
1 43 144 
24 107 145 
10 83 145 
44 49 145 
88 107 146 
5 81 146 
46 107 147 
62 75 147 
5 55 147 
10 26 148 
31 49 148 
24 137 149 
125 134 149 
4 21 149 
24 33 150 
55 84 150 
9 16 150 
57 99 151 
5 55 151 
24 137 152 
5 20 152 
24 27 153 
11 14 153 
21 55 153 
1 33 154 
39 86 154 
17 97 155 
5 67 155 
12 13 156 
31 50 156 
25 27 157 
5 113 157 
83 145 157 
45 108 158 
20 40 158 
8 119 159 
25 27 159 
41 127 160 
12 13 160 
24 98 161 
117 139 161 
20 40 161 
5 36 162 
24 54 162 
24 134 162 
96 112 163 
37 96 163 
21 30 164 
21 55 164 
24 30 164 
34 116 165 
108 158 165 
27 68 165 
24 70 166 
5 68 166 
52 87 166 
24 33 167 
24 25 167 
28 103 168 
24 101 168 
4 38 168 
25 93 169 
26 108 169 
70 166 170 
5 75 170 
24 28 170 
24 170 171 
33 43 171 
49 111 171 
49 61 172 
13 137 172 
55 67 173 
62 138 173 
27 125 174 
35 81 174 
25 27 175 
95 118 175 
4 30 175 
15 100 176 
93 169 176 
62 104 176 
5 122 177 
21 149 177 
25 27 177 
55 67 178 
24 29 178 
57 91 179 
12 24 179 
27 111 180 
15 26 180 
20 158 180 
28 103 181 
112 163 181 
19 55 181 
24 152 182 
13 30 182 
17 37 182 
39 65 183 
5 26 183 
103 181 183 
21 79 184 
13 60 184 
12 13 185 
35 174 185 
24 58 185 
71 104 186 
27 165 186 
29 36 186 
4 128 187 
17 182 187 
86 154 187 
91 128 188 
29 126 188 
21 79 189 
1 33 189 
84 150 189 
99 151 190 
49 172 190 
13 74 191 
35 79 191 
24 170 192 
15 176 192 
44 75 193 
71 104 193 
24 40 193 
13 41 194 
55 84 194 
26 83 194 
30 175 195 
40 53 195 
25 55 195 
9 150 196 
4 90 196 
27 58 197 
39 183 197 
49 80 197 
55 67 198 
22 44 198 
24 62 199 
5 24 199 
13 24 200 
43 66 200 
8 63 200 
55 131 201 
4 128 201 
8 119 202 
55 151 202 
24 55 202 
27 138 203 
24 98 203 
13 104 203 
12 13 204 
57 84 204 
25 27 205 
25 27 205 
4 86 206 
12 88 206 
54 137 206 
21 30 207 
55 84 207 
8 63 208 
24 67 208 
117 139 208 
33 88 209 
25 167 209 
16 48 209 
13 24 210 
24 37 210 
39 73 210 
13 98 211 
40 193 211 
43 56 211 
5 99 212 
75 170 212 
25 27 212 
30 195 213 
134 149 213 
35 185 214 
125 174 214 
43 200 215 
27 58 215 
176 192 216 
35 79 216 
12 28 217 
8 200 217 
10 26 217 
24 27 218 
21 24 218 
8 202 218 
5 55 219 
25 139 219 
71 117 220 
25 62 220 
28 103 220 
25 28 221 
77 114 221 
52 53 221 
5 31 222 
25 54 222 
24 45 222 
