1 24
2 23
3 22
4 21
5 20
6 19
7 18
8 17
9 16
10 15
11 14
12 13
6 19 24 
12 13 24 
1 24 25 
6 19 25 
5 20 26 
6 19 26 
12 24 26 
1 25 27 
5 20 27 
4 21 27 
9 16 28 
3 22 28 
8 17 28 
11 14 29 
8 17 29 
1 25 29 
1 24 30 
19 24 30 
6 25 31 
20 26 31 
24 30 31 
5 20 32 
5 27 32 
24 30 32 
24 30 33 
20 26 33 
12 13 33 
4 21 34 
11 14 34 
30 32 34 
4 21 35 
19 30 35 
12 26 35 
30 32 36 
10 15 36 
20 26 36 
5 20 37 
19 24 37 
25 31 37 
25 31 38 
8 28 38 
4 21 38 
5 20 39 
7 18 39 
22 28 39 
20 32 40 
28 38 40 
5 26 40 
25 37 41 
20 33 41 
22 28 42 
32 40 42 
6 25 42 
17 29 43 
20 26 43 
6 19 43 
1 24 44 
5 20 44 
24 30 44 
6 19 45 
8 28 45 
17 28 46 
32 40 46 
20 26 46 
10 15 47 
26 40 47 
6 25 47 
24 33 48 
3 22 48 
7 18 48 
4 34 49 
6 19 49 
26 46 49 
28 46 50 
9 16 50 
30 36 51 
21 34 51 
9 50 51 
26 31 52 
16 50 52 
4 34 53 
19 30 53 
1 44 53 
11 14 54 
22 39 54 
12 35 55 
11 14 55 
46 50 56 
20 27 56 
10 15 56 
26 46 57 
26 46 57 
17 46 58 
24 30 58 
20 27 58 
20 37 59 
12 24 59 
11 14 59 
19 24 60 
14 54 60 
17 58 61 
19 25 61 
12 24 62 
3 28 62 
19 43 62 
26 46 63 
7 18 63 
22 42 63 
26 52 64 
6 19 64 
22 28 64 
37 59 65 
44 53 65 
30 58 65 
20 40 66 
4 21 66 
46 58 67 
46 63 67 
19 64 67 
30 51 68 
8 38 68 
24 60 69 
5 26 69 
53 65 69 
5 27 70 
5 69 70 
15 36 70 
11 14 71 
17 29 71 
46 63 71 
24 30 72 
24 59 72 
21 34 73 
9 50 73 
59 72 73 
46 50 74 
18 39 74 
59 72 74 
10 15 75 
9 50 75 
12 35 75 
24 31 76 
30 32 76 
19 60 76 
11 55 77 
11 14 77 
5 69 77 
19 35 78 
1 25 78 
5 27 78 
12 13 79 
8 45 79 
26 69 79 
20 27 80 
31 38 80 
19 30 81 
22 63 81 
15 36 81 
50 75 82 
1 25 82 
43 62 82 
69 77 83 
20 37 83 
7 18 84 
59 72 84 
8 38 84 
72 73 85 
21 34 85 
5 27 85 
31 52 86 
34 49 86 
12 35 87 
36 70 87 
50 51 87 
20 26 88 
6 42 88 
10 15 89 
6 88 89 
13 79 90 
12 24 90 
46 67 90 
36 81 91 
40 46 91 
24 62 92 
20 37 92 
14 60 93 
30 58 93 
6 19 93 
24 60 94 
17 46 94 
77 83 95 
16 50 95 
12 13 95 
24 69 96 
6 88 96 
20 36 96 
24 44 97 
88 89 97 
1 82 97 
19 64 98 
27 56 98 
25 82 98 
26 63 99 
36 91 99 
11 14 99 
12 55 100 
21 73 100 
27 56 100 
6 25 101 
5 70 101 
12 35 101 
30 36 102 
8 29 102 
28 50 102 
5 26 103 
11 77 103 
5 103 104 
15 70 104 
7 84 104 
24 30 105 
13 90 105 
20 83 105 
10 47 106 
5 44 106 
6 42 106 
12 35 107 
11 77 107 
24 69 108 
27 78 108 
27 85 109 
38 40 109 
6 19 109 
19 60 110 
4 66 110 
26 46 110 
1 25 111 
31 38 111 
63 71 111 
53 69 112 
54 60 112 
22 54 112 
30 31 113 
11 29 113 
60 76 113 
9 51 114 
60 94 114 
30 32 114 
6 89 115 
38 111 115 
4 66 115 
12 55 116 
24 108 116 
25 41 117 
50 51 117 
9 51 117 
24 30 118 
6 25 118 
12 75 119 
76 113 119 
11 77 120 
21 85 120 
20 44 120 
5 85 121 
19 43 121 
4 66 121 
30 51 122 
24 97 122 
22 42 122 
38 109 123 
38 40 123 
9 51 124 
26 52 124 
11 113 125 
30 72 125 
14 93 125 
19 24 126 
38 40 126 
1 78 126 
82 97 127 
11 14 127 
42 88 127 
24 90 128 
5 103 128 
1 44 129 
75 119 129 
15 36 129 
24 72 130 
26 64 130 
9 51 130 
24 62 131 
19 126 131 
32 40 132 
6 19 132 
69 77 132 
21 34 133 
18 39 133 
6 88 133 
24 30 134 
11 14 134 
1 24 134 
1 25 135 
7 18 135 
13 33 135 
30 32 136 
4 34 136 
50 74 136 
108 116 137 
19 126 137 
7 104 137 
19 126 138 
9 28 138 
52 64 138 
22 28 139 
24 62 139 
24 94 139 
50 73 140 
53 65 140 
26 46 140 
15 70 141 
24 97 141 
26 63 141 
72 73 142 
11 120 142 
4 66 142 
88 96 143 
76 113 143 
12 26 144 
40 42 144 
12 35 144 
31 52 145 
5 20 145 
25 31 145 
39 133 146 
9 50 146 
40 109 146 
50 74 147 
5 40 147 
15 36 147 
27 85 148 
20 33 148 
54 112 148 
89 115 149 
6 24 149 
104 137 149 
44 53 150 
30 32 150 
70 104 151 
14 54 151 
31 52 152 
44 97 152 
5 27 152 
8 29 153 
7 18 153 
26 31 153 
5 27 154 
42 106 154 
69 132 155 
50 74 155 
90 128 156 
31 145 156 
50 82 156 
33 148 157 
17 46 157 
50 51 158 
19 35 158 
19 78 158 
19 126 159 
8 38 159 
11 14 159 
78 108 160 
28 39 160 
70 101 161 
43 62 161 
4 21 161 
4 136 162 
12 35 162 
73 142 162 
40 47 163 
34 85 163 
19 109 163 
50 52 164 
20 37 164 
133 146 164 
26 31 165 
6 24 165 
7 104 165 
26 140 166 
25 135 166 
42 122 166 
5 77 167 
30 76 167 
6 149 168 
60 112 168 
19 158 168 
120 142 169 
85 120 169 
12 101 169 
85 120 170 
14 60 170 
26 47 170 
54 148 171 
66 121 171 
58 93 171 
6 24 172 
18 39 172 
6 165 172 
31 38 173 
85 148 173 
42 122 173 
30 34 174 
19 45 174 
21 34 175 
8 38 175 
63 71 176 
77 83 176 
10 15 176 
5 40 177 
30 33 177 
38 40 177 
7 18 178 
60 112 178 
12 59 178 
12 162 179 
12 144 179 
15 141 179 
38 123 180 
20 37 180 
5 85 180 
32 40 181 
40 123 181 
22 122 181 
28 64 182 
19 45 182 
8 38 182 
128 156 183 
15 141 183 
8 29 184 
55 100 184 
40 47 184 
1 111 185 
1 129 185 
12 13 186 
26 31 186 
31 76 187 
72 84 187 
24 90 187 
31 145 188 
33 135 188 
22 139 189 
30 125 189 
113 143 189 
94 139 190 
14 93 190 
6 89 191 
1 24 191 
4 21 191 
5 27 192 
42 144 192 
31 153 193 
84 104 193 
19 25 194 
60 112 194 
8 102 194 
18 39 195 
108 160 195 
28 46 195 
7 178 196 
24 44 196 
85 163 196 
32 40 197 
6 43 197 
13 135 198 
26 103 198 
76 167 198 
13 79 199 
30 102 199 
22 81 199 
50 156 200 
38 111 200 
11 55 200 
20 41 201 
70 87 201 
52 86 201 
11 113 202 
18 84 202 
73 162 202 
73 85 203 
120 142 203 
24 196 203 
11 14 204 
6 165 204 
38 111 204 
133 146 205 
11 159 205 
108 160 206 
1 24 206 
1 78 206 
46 58 207 
59 84 207 
27 152 207 
9 114 208 
30 125 208 
74 136 208 
6 168 209 
46 57 209 
6 42 209 
9 114 210 
24 203 210 
22 39 210 
70 101 211 
26 46 211 
1 24 212 
37 180 212 
46 67 212 
28 38 213 
88 89 213 
11 120 213 
40 181 214 
6 191 214 
12 75 214 
42 209 215 
26 166 215 
22 42 215 
26 211 216 
30 76 216 
31 153 216 
69 79 217 
51 130 217 
40 214 217 
6 47 218 
35 101 218 
19 43 218 
40 47 219 
18 133 219 
50 82 219 
20 26 220 
6 19 220 
47 170 221 
30 150 221 
115 149 221 
24 105 222 
26 124 222 
14 54 223 
126 131 223 
42 209 223 
12 179 224 
31 193 224 
24 196 224 
40 197 225 
124 222 225 
51 217 225 
12 55 226 
20 32 226 
25 31 226 
39 54 227 
6 89 227 
146 164 227 
19 43 228 
37 65 228 
52 201 228 
8 45 229 
51 158 229 
112 178 229 
6 191 230 
46 50 230 
27 207 230 
34 175 231 
7 104 231 
42 192 231 
19 67 232 
1 44 232 
46 212 233 
28 160 233 
13 135 233 
85 203 234 
12 162 234 
88 97 234 
46 157 235 
21 191 235 
20 120 235 
8 229 236 
38 109 236 
19 25 237 
5 177 237 
1 78 237 
124 222 238 
40 47 238 
42 144 238 
6 25 239 
5 44 239 
38 173 239 
85 109 240 
54 112 240 
27 192 240 
4 21 241 
10 36 241 
20 46 241 
30 32 242 
126 131 242 
70 101 242 
15 36 243 
24 196 243 
9 51 244 
5 44 244 
51 158 245 
5 20 245 
19 43 245 
54 112 246 
25 135 246 
21 34 246 
38 236 247 
13 95 247 
20 59 247 
6 209 248 
150 221 248 
5 103 248 
8 17 249 
17 28 249 
24 44 249 
74 155 250 
12 26 250 
25 37 250 
