1 24
2 23
3 22
4 21
5 20
6 19
7 18
8 17
9 16
10 15
11 14
12 13
6 19 24 
8 17 24 
5 20 25 
8 24 25 
8 17 26 
17 24 26 
8 17 27 
19 24 27 
6 24 27 
24 27 28 
2 23 28 
8 26 29 
19 27 29 
5 25 30 
23 28 30 
8 26 30 
19 29 31 
19 27 31 
4 21 32 
2 28 32 
20 25 32 
8 26 33 
6 24 33 
10 15 34 
8 17 34 
24 28 35 
8 26 35 
8 26 36 
19 31 36 
8 25 37 
24 27 37 
19 27 38 
17 26 38 
27 29 38 
19 24 39 
8 17 39 
8 24 40 
24 28 40 
8 36 41 
24 28 41 
8 24 42 
24 33 42 
26 33 43 
24 28 43 
24 26 44 
19 31 44 
23 28 45 
28 32 45 
6 27 45 
19 24 46 
6 19 46 
28 41 47 
31 36 47 
33 43 48 
26 30 48 
26 44 49 
17 27 49 
28 35 50 
19 27 50 
26 38 51 
19 27 51 
6 19 51 
24 39 52 
24 42 52 
19 27 53 
17 39 53 
17 24 54 
24 26 54 
31 36 54 
24 28 55 
9 16 55 
26 44 55 
26 54 56 
24 42 56 
8 36 56 
19 29 57 
8 26 57 
24 28 57 
8 36 58 
8 26 58 
11 14 59 
6 19 59 
24 35 59 
6 45 60 
9 55 60 
31 36 60 
17 26 61 
17 49 61 
24 39 62 
16 55 62 
8 24 62 
10 15 63 
27 28 63 
6 24 63 
17 27 64 
24 41 64 
14 59 65 
24 52 65 
19 44 66 
19 29 66 
19 66 67 
19 31 67 
28 30 68 
19 66 68 
6 24 69 
19 66 69 
8 33 70 
26 38 70 
42 56 71 
14 59 71 
19 66 72 
66 69 72 
17 27 73 
19 27 73 
26 44 74 
8 24 74 
19 31 74 
28 32 75 
23 28 75 
28 30 75 
19 38 76 
24 62 76 
8 58 77 
24 39 77 
28 41 77 
38 70 78 
27 73 78 
28 32 78 
23 28 79 
24 65 79 
19 27 80 
19 29 80 
26 38 81 
59 65 81 
19 24 82 
19 31 82 
5 25 83 
25 30 83 
17 24 83 
31 36 84 
19 66 84 
26 44 85 
27 80 85 
25 32 86 
8 17 86 
43 48 87 
17 27 87 
8 24 88 
23 45 88 
10 15 89 
19 31 89 
17 24 89 
24 33 90 
27 45 90 
23 28 91 
23 45 91 
8 17 92 
33 43 92 
25 32 93 
17 24 93 
6 46 94 
24 88 94 
4 21 94 
19 29 95 
24 40 95 
36 56 95 
33 42 96 
19 31 96 
24 41 97 
31 74 97 
26 54 97 
23 91 98 
17 26 98 
49 61 99 
41 97 99 
17 53 99 
8 58 100 
42 96 100 
14 59 101 
24 27 101 
8 39 101 
19 67 102 
49 61 102 
19 51 103 
17 38 103 
36 41 104 
31 82 104 
19 80 105 
28 32 105 
23 91 106 
5 25 106 
31 67 107 
31 47 107 
24 28 107 
26 54 108 
8 25 108 
5 25 109 
36 56 109 
27 49 110 
80 85 110 
19 31 110 
8 17 111 
25 108 111 
25 83 112 
20 32 112 
45 91 113 
26 56 113 
85 110 114 
24 27 114 
31 107 114 
36 41 115 
26 33 115 
36 84 116 
6 24 116 
23 28 117 
23 28 117 
80 110 118 
36 54 118 
36 118 119 
27 49 119 
8 17 120 
31 89 120 
56 71 121 
33 96 121 
27 49 122 
17 103 122 
26 30 123 
41 64 123 
20 25 124 
19 66 124 
24 114 125 
28 32 125 
27 119 126 
8 35 126 
23 28 127 
24 114 127 
26 54 128 
19 46 128 
24 46 128 
80 118 129 
24 28 129 
8 39 130 
27 49 130 
8 24 130 
26 38 131 
17 38 131 
39 52 132 
2 28 132 
19 80 133 
31 44 133 
36 60 134 
27 90 134 
23 28 135 
27 87 135 
8 101 135 
8 111 136 
24 26 136 
17 89 137 
23 45 137 
31 89 137 
25 111 138 
23 117 138 
8 58 138 
36 56 139 
39 132 139 
30 123 140 
41 104 140 
16 62 140 
36 60 141 
24 41 141 
25 109 141 
24 64 142 
8 136 142 
24 52 143 
17 122 143 
66 69 143 
19 84 144 
6 19 144 
36 60 145 
8 58 145 
17 73 146 
32 45 146 
42 56 146 
110 114 147 
28 68 147 
33 43 148 
23 138 148 
17 83 149 
19 67 149 
39 52 150 
28 47 150 
122 143 151 
24 101 151 
56 71 151 
101 135 152 
25 37 152 
26 44 153 
14 59 153 
19 44 154 
28 32 154 
11 14 154 
85 110 155 
19 80 155 
27 134 156 
8 42 156 
64 123 157 
24 129 157 
17 98 157 
129 157 158 
9 55 158 
24 129 159 
16 55 159 
19 80 159 
19 39 160 
28 32 160 
48 87 161 
19 38 161 
14 59 162 
26 128 162 
24 28 163 
23 137 163 
26 30 163 
25 109 164 
36 119 164 
59 65 164 
17 27 165 
24 136 165 
59 65 165 
60 145 166 
69 143 166 
38 131 166 
8 39 167 
67 102 167 
28 32 168 
28 127 168 
19 105 168 
30 140 169 
19 73 169 
17 27 170 
8 156 170 
28 40 170 
32 105 171 
8 35 171 
24 52 171 
10 15 172 
8 33 172 
42 100 172 
24 65 173 
26 44 173 
14 71 173 
49 61 174 
17 26 174 
5 20 175 
61 99 175 
28 32 176 
17 149 176 
33 121 177 
27 45 177 
24 39 178 
26 61 178 
35 126 178 
24 42 179 
2 132 179 
24 128 180 
114 125 180 
19 46 180 
24 65 181 
25 32 181 
19 73 182 
19 31 182 
41 115 183 
24 41 183 
45 113 183 
26 49 184 
24 65 184 
101 152 185 
33 172 185 
38 131 185 
8 56 186 
66 124 186 
8 24 186 
8 17 187 
8 41 187 
24 76 187 
8 33 188 
8 39 188 
69 143 188 
8 187 189 
8 111 189 
28 45 190 
6 45 190 
28 127 191 
23 79 191 
10 172 192 
19 31 192 
52 65 192 
8 86 193 
8 187 193 
38 185 194 
25 37 194 
80 105 195 
118 129 195 
26 44 196 
66 67 196 
24 116 196 
28 45 197 
8 35 197 
17 176 198 
24 178 198 
6 51 198 
122 151 199 
27 110 199 
24 52 200 
8 26 200 
28 41 201 
26 30 201 
6 19 202 
17 165 202 
25 138 202 
9 60 203 
8 17 203 
17 165 204 
25 32 204 
41 97 204 
39 77 205 
26 97 205 
26 30 205 
59 81 206 
24 28 206 
6 202 206 
17 122 207 
26 174 207 
8 170 207 
19 68 208 
19 154 208 
77 205 209 
8 186 209 
19 149 210 
36 116 210 
24 41 210 
24 33 211 
19 110 211 
33 43 212 
8 33 212 
17 24 212 
104 140 213 
114 127 213 
6 144 214 
24 114 214 
61 99 214 
26 97 215 
36 134 215 
114 147 215 
8 24 216 
19 159 216 
8 34 216 
59 65 217 
89 120 217 
27 49 218 
125 180 218 
19 67 218 
6 19 219 
19 68 219 
26 174 220 
118 129 220 
19 80 220 
52 65 221 
6 19 221 
31 54 221 
23 117 222 
31 221 222 
26 30 222 
24 143 223 
19 202 223 
140 213 223 
17 34 224 
36 47 224 
24 28 225 
17 27 225 
26 178 226 
24 136 226 
83 149 227 
8 35 227 
28 129 228 
24 200 228 
77 209 229 
24 97 229 
19 46 229 
33 212 230 
36 104 230 
8 227 230 
24 173 231 
28 45 231 
26 85 231 
26 54 232 
33 177 232 
174 207 233 
8 39 233 
4 32 233 
38 103 234 
39 132 234 
26 30 235 
29 66 235 
122 199 236 
80 195 236 
28 75 236 
140 223 237 
9 158 237 
24 129 238 
59 65 238 
24 114 238 
27 49 239 
105 171 239 
24 93 240 
27 28 240 
99 175 241 
33 230 241 
68 219 241 
85 110 242 
80 85 242 
8 26 243 
29 38 243 
19 31 244 
41 99 244 
27 90 244 
23 148 245 
101 135 245 
19 159 245 
19 27 246 
24 159 246 
19 38 246 
125 218 247 
26 200 247 
156 170 247 
68 241 248 
104 230 248 
8 189 248 
17 61 249 
17 103 249 
17 170 250 
39 132 250 
24 33 250 
24 136 251 
6 45 251 
101 135 252 
126 178 252 
24 116 252 
19 182 253 
27 38 253 
19 110 254 
17 26 254 
46 94 255 
209 229 255 
39 139 255 
19 46 256 
80 110 256 
41 97 256 
8 167 257 
19 110 257 
28 32 258 
19 29 258 
26 38 259 
59 65 259 
121 177 260 
26 38 260 
24 225 261 
182 253 261 
135 252 262 
25 138 262 
36 41 263 
10 172 263 
19 27 264 
39 139 264 
144 214 264 
14 154 265 
252 262 265 
23 117 266 
20 175 266 
28 40 267 
28 41 267 
24 128 268 
45 251 268 
17 49 268 
17 170 269 
49 130 269 
24 94 270 
45 60 270 
44 133 270 
129 158 271 
31 221 271 
6 60 272 
8 17 272 
66 72 273 
19 264 273 
24 56 273 
109 141 274 
8 25 274 
8 36 275 
25 32 275 
107 114 276 
24 114 276 
26 123 277 
6 63 277 
175 241 277 
