1 24
2 23
3 22
4 21
5 20
6 19
7 18
8 17
9 16
10 15
11 14
12 13
10 15 24 
10 15 24 
3 22 24 
9 16 24 
3 22 24 
6 19 25 
10 15 25 
10 24 25 
11 14 25 
3 22 25 
3 22 26 
16 24 26 
10 24 26 
10 15 26 
3 22 26 
15 26 27 
3 26 27 
3 22 27 
3 22 27 
14 25 27 
10 15 28 
10 15 28 
8 17 28 
3 24 28 
9 24 28 
15 26 29 
24 28 29 
14 25 29 
16 26 29 
1 24 29 
9 24 30 
1 29 30 
26 27 30 
10 28 30 
22 26 30 
3 22 31 
10 25 31 
26 27 31 
16 24 31 
11 25 31 
11 25 32 
5 20 32 
3 22 32 
24 28 32 
9 30 32 
10 15 33 
3 22 33 
24 26 33 
10 15 33 
10 26 33 
10 15 34 
26 30 34 
24 28 34 
5 20 34 
10 28 35 
11 25 35 
24 26 35 
3 22 35 
6 25 35 
3 22 36 
15 26 36 
26 29 36 
3 24 36 
14 29 36 
22 35 37 
22 31 37 
26 30 37 
3 26 37 
22 26 37 
15 26 38 
22 27 38 
15 26 38 
24 28 38 
26 30 38 
9 30 39 
25 29 39 
9 24 39 
16 26 39 
25 27 39 
3 27 40 
10 15 40 
3 35 40 
3 26 40 
10 33 40 
3 22 41 
15 24 41 
26 27 41 
16 24 41 
24 38 41 
11 14 42 
27 38 42 
15 38 42 
22 26 42 
16 26 42 
3 40 43 
3 41 43 
3 36 43 
10 25 43 
35 37 43 
9 24 44 
35 37 44 
24 29 44 
10 26 44 
26 39 44 
10 33 45 
30 37 45 
3 22 45 
15 26 45 
15 26 45 
22 36 46 
16 24 46 
1 29 46 
27 39 46 
28 30 46 
10 25 47 
15 38 47 
15 42 47 
3 35 47 
5 20 47 
10 43 48 
15 25 48 
3 26 48 
11 32 48 
1 24 48 
11 48 49 
3 27 49 
22 25 49 
3 22 49 
10 43 49 
24 38 50 
16 39 50 
26 34 50 
15 42 50 
42 47 50 
15 26 51 
20 34 51 
9 30 51 
24 28 51 
26 35 51 
26 44 52 
14 25 52 
15 26 52 
5 47 52 
25 29 52 
26 30 53 
22 31 53 
9 24 53 
9 16 53 
10 26 53 
11 48 54 
35 37 54 
5 20 54 
27 38 54 
15 45 54 
26 34 55 
9 16 55 
48 54 55 
3 48 55 
15 24 55 
25 29 56 
5 47 56 
26 45 56 
24 34 56 
26 45 57 
3 24 57 
3 22 57 
24 28 57 
10 43 57 
42 47 58 
39 46 58 
29 52 58 
10 43 58 
24 28 58 
3 24 59 
10 45 59 
47 50 59 
15 29 59 
11 42 59 
27 46 60 
26 37 60 
16 24 60 
25 35 60 
10 35 61 
15 51 61 
10 26 61 
10 24 61 
5 34 61 
22 37 62 
9 16 62 
10 34 62 
38 50 62 
25 49 62 
10 45 63 
3 55 63 
25 31 63 
35 37 63 
3 22 63 
11 48 64 
22 49 64 
15 61 64 
9 32 64 
27 38 64 
26 42 65 
25 29 65 
10 26 65 
3 55 65 
10 15 65 
39 46 66 
15 54 66 
10 24 66 
26 31 66 
27 42 66 
38 41 67 
24 38 67 
35 37 67 
27 41 67 
31 53 67 
15 52 68 
35 37 68 
20 34 68 
26 45 68 
1 24 68 
3 31 69 
38 62 69 
22 41 69 
22 36 69 
16 26 69 
30 38 70 
14 52 70 
34 61 70 
30 51 70 
15 29 70 
39 46 71 
38 69 71 
15 34 71 
16 50 71 
26 52 71 
15 29 72 
9 30 72 
25 39 72 
29 65 72 
12 13 72 
20 51 73 
22 35 73 
24 35 73 
22 45 73 
49 62 73 
22 33 74 
22 27 74 
26 55 74 
15 71 74 
35 68 74 
37 45 75 
3 28 75 
5 34 75 
11 48 75 
8 17 76 
5 61 76 
15 29 76 
24 28 76 
3 22 76 
15 26 77 
24 57 77 
14 42 77 
22 41 77 
15 66 77 
24 39 78 
3 22 78 
3 25 78 
38 42 78 
10 26 78 
24 39 79 
62 69 79 
20 73 79 
15 71 79 
10 25 79 
3 22 80 
10 25 80 
10 26 80 
29 44 80 
24 76 80 
52 58 81 
3 35 81 
30 51 81 
11 42 81 
47 52 81 
38 41 82 
11 25 82 
3 27 82 
28 30 82 
15 77 83 
1 48 83 
10 80 83 
22 24 83 
11 48 83 
3 57 84 
47 81 84 
16 69 84 
27 38 84 
3 22 84 
24 26 85 
30 37 85 
26 56 85 
10 59 85 
6 19 85 
49 62 86 
10 45 86 
41 67 86 
26 27 86 
48 54 86 
22 31 87 
15 66 87 
26 48 87 
25 27 87 
1 24 87 
20 73 88 
49 62 88 
5 75 88 
1 24 88 
9 53 88 
26 66 89 
3 26 89 
9 72 89 
24 56 89 
14 25 89 
25 43 90 
34 56 90 
24 39 90 
51 61 90 
19 85 90 
15 54 91 
22 26 91 
51 81 91 
15 71 91 
31 87 91 
35 37 92 
4 21 92 
39 46 92 
1 83 92 
39 90 92 
26 51 93 
5 34 93 
3 35 93 
22 53 93 
15 79 93 
29 70 94 
38 67 94 
5 47 94 
11 14 94 
29 65 94 
26 51 95 
22 63 95 
3 43 95 
55 65 95 
3 26 96 
10 80 96 
26 37 96 
49 64 96 
10 61 96 
24 29 97 
3 24 97 
41 86 97 
29 56 97 
29 94 97 
10 61 98 
24 28 98 
27 39 98 
11 32 98 
14 77 98 
31 63 99 
30 51 99 
20 34 99 
22 53 99 
85 90 99 
22 27 100 
27 39 100 
22 25 100 
26 89 100 
3 22 100 
26 44 101 
34 61 101 
3 63 101 
3 36 101 
22 69 101 
61 70 102 
3 36 102 
3 22 102 
51 90 102 
30 82 102 
3 22 103 
22 69 103 
5 34 103 
26 91 103 
10 26 103 
24 46 104 
63 101 104 
11 42 104 
37 45 104 
24 48 104 
12 13 105 
3 84 105 
9 28 105 
26 55 105 
9 30 105 
15 24 106 
15 47 106 
24 29 106 
5 88 106 
26 38 106 
61 101 107 
11 14 107 
38 42 107 
3 24 107 
16 50 108 
42 47 108 
10 45 108 
30 34 108 
63 101 108 
37 92 109 
42 58 109 
62 73 109 
36 46 109 
25 29 109 
61 76 110 
10 15 110 
61 70 110 
22 73 110 
28 35 110 
29 94 111 
1 24 111 
14 29 111 
26 31 111 
15 34 111 
22 100 112 
30 53 112 
15 83 112 
22 41 112 
15 48 112 
37 92 113 
22 38 113 
43 90 113 
3 41 113 
25 48 113 
41 112 114 
26 31 114 
15 34 114 
27 66 114 
10 15 114 
89 100 115 
22 36 115 
11 54 115 
24 76 115 
26 35 115 
10 98 116 
3 84 116 
22 103 116 
48 113 116 
4 21 116 
75 88 117 
29 111 117 
51 81 117 
26 27 117 
24 29 117 
21 116 118 
10 59 118 
28 30 118 
22 37 118 
39 78 118 
10 33 119 
55 95 119 
15 48 119 
3 31 119 
15 47 119 
48 54 120 
24 117 120 
41 112 120 
10 28 120 
82 102 120 
38 42 121 
14 25 121 
29 56 121 
26 61 121 
48 54 121 
48 54 122 
10 65 122 
15 26 122 
92 109 122 
3 36 122 
44 80 123 
44 52 123 
30 38 123 
35 40 123 
75 88 123 
22 83 124 
10 85 124 
48 54 124 
3 25 124 
10 15 124 
26 53 125 
9 24 125 
10 40 125 
10 85 125 
24 115 125 
24 51 126 
26 103 126 
10 43 126 
63 101 126 
22 25 126 
75 88 127 
113 116 127 
55 74 127 
16 62 127 
10 45 127 
35 37 128 
10 43 128 
55 65 128 
24 46 128 
10 28 128 
61 102 129 
37 128 129 
38 62 129 
10 45 129 
15 29 129 
41 77 130 
3 43 130 
29 94 130 
70 102 130 
43 49 130 
22 101 131 
26 85 131 
26 30 131 
22 57 131 
13 72 131 
34 93 132 
31 63 132 
15 106 132 
30 51 132 
25 52 132 
26 77 133 
15 24 133 
11 32 133 
24 26 133 
15 61 133 
3 124 134 
24 44 134 
34 90 134 
31 67 134 
15 106 134 
10 45 135 
51 132 135 
44 134 135 
22 103 135 
43 130 135 
10 15 136 
22 31 136 
3 65 136 
15 71 136 
88 117 137 
29 111 137 
42 65 137 
48 64 137 
24 57 137 
45 68 138 
3 22 138 
25 48 138 
44 134 138 
10 28 138 
10 58 139 
29 111 139 
5 34 139 
30 46 139 
5 75 139 
47 119 140 
63 101 140 
9 24 140 
44 52 140 
51 61 140 
11 25 141 
27 38 141 
72 89 141 
41 67 141 
26 65 141 
80 96 142 
25 39 142 
35 92 142 
27 39 142 
29 106 142 
41 77 143 
10 65 143 
1 30 143 
22 124 143 
3 36 143 
36 115 144 
41 86 144 
25 90 144 
39 46 144 
34 103 144 
61 76 145 
62 69 145 
83 92 145 
26 61 145 
29 80 146 
22 45 146 
38 78 146 
5 88 146 
37 63 146 
3 63 147 
10 80 147 
51 140 147 
61 64 147 
11 42 147 
22 76 148 
77 98 148 
11 42 148 
3 143 148 
54 120 148 
83 145 149 
16 24 149 
28 57 149 
52 140 149 
11 25 149 
65 72 150 
38 41 150 
10 15 150 
3 28 150 
10 85 150 
80 142 151 
37 68 151 
26 74 151 
30 123 151 
39 46 151 
25 65 152 
24 29 152 
25 35 152 
3 22 152 
15 25 152 
3 24 153 
22 36 153 
24 29 153 
8 17 153 
35 37 153 
1 30 154 
15 47 154 
145 149 154 
29 111 154 
38 69 154 
3 22 155 
26 125 155 
45 56 155 
24 125 155 
3 26 155 
31 66 156 
10 45 156 
65 128 156 
3 22 156 
26 45 156 
24 50 157 
24 29 157 
24 153 157 
10 33 157 
26 56 157 
3 22 158 
22 25 158 
14 111 158 
36 153 158 
10 33 158 
39 66 159 
30 51 159 
22 91 159 
22 25 159 
36 102 159 
30 51 160 
24 33 160 
26 31 160 
3 69 160 
3 122 160 
62 86 161 
36 109 161 
15 41 161 
10 135 161 
38 64 161 
34 139 162 
16 84 162 
9 24 162 
51 81 162 
5 20 162 
41 86 163 
6 25 163 
30 51 163 
9 24 163 
15 110 163 
27 42 164 
128 129 164 
15 26 164 
70 94 164 
134 135 164 
46 66 165 
22 155 165 
75 139 165 
9 30 165 
28 35 165 
129 164 166 
24 125 166 
48 54 166 
3 25 166 
15 79 166 
