1 24
2 23
3 22
4 21
5 20
6 19
7 18
8 17
9 16
10 15
11 14
12 13
3 22 24 
4 21 24 
6 19 24 
8 17 25 
3 22 25 
6 24 25 
8 17 26 
12 13 26 
3 24 26 
7 18 27 
8 17 27 
7 18 27 
4 21 28 
6 24 28 
10 15 28 
4 24 29 
10 28 29 
5 20 30 
3 22 30 
3 22 31 
3 24 31 
3 22 31 
3 22 32 
17 25 32 
5 20 33 
3 24 33 
7 18 33 
6 24 34 
25 32 34 
6 24 34 
22 31 35 
4 21 35 
6 24 35 
21 35 36 
3 31 36 
4 24 36 
17 25 37 
17 26 37 
21 28 37 
6 24 38 
3 31 38 
32 34 38 
5 33 39 
10 15 39 
3 22 39 
3 22 40 
8 25 40 
4 21 40 
3 22 41 
3 31 41 
5 30 41 
21 40 42 
3 30 42 
3 38 42 
6 28 43 
15 28 43 
4 21 43 
6 28 44 
3 22 44 
5 33 44 
21 37 45 
22 35 45 
22 44 45 
3 22 46 
4 40 46 
6 24 46 
17 26 47 
4 21 47 
3 31 47 
22 30 48 
10 28 48 
21 40 48 
4 21 49 
4 21 49 
3 31 50 
21 37 50 
20 30 50 
10 48 51 
31 41 51 
22 31 51 
7 33 52 
24 46 52 
40 42 52 
4 21 53 
22 39 53 
4 28 53 
21 40 54 
4 21 54 
4 21 55 
4 49 55 
22 41 55 
21 40 56 
31 47 56 
21 36 56 
21 56 57 
3 31 57 
24 31 57 
3 22 58 
37 50 58 
9 16 58 
4 47 59 
5 30 59 
31 56 60 
3 24 60 
24 46 60 
25 32 61 
20 50 61 
42 52 62 
25 40 62 
8 26 62 
3 31 63 
4 21 63 
10 28 63 
3 24 64 
10 39 64 
20 30 64 
7 18 65 
24 36 65 
15 28 66 
3 22 66 
24 25 66 
10 29 67 
26 62 67 
6 43 67 
12 13 68 
26 62 68 
22 30 68 
6 24 69 
17 27 69 
21 35 69 
20 61 70 
24 25 70 
3 31 70 
37 58 71 
48 51 71 
17 27 72 
24 28 72 
25 70 73 
17 25 73 
20 33 73 
21 63 74 
31 50 74 
42 52 74 
21 56 75 
31 35 75 
31 57 75 
21 69 76 
28 63 76 
27 72 76 
20 61 77 
48 71 77 
21 36 77 
3 46 78 
4 24 78 
17 37 78 
21 77 79 
3 22 79 
22 41 79 
31 60 80 
10 15 80 
21 48 80 
24 46 81 
17 47 81 
31 70 82 
58 71 82 
24 35 82 
3 50 83 
15 43 83 
22 35 83 
21 24 84 
21 76 84 
69 76 84 
24 81 85 
24 28 85 
48 51 85 
3 46 86 
7 18 86 
46 52 86 
21 55 87 
21 40 87 
24 28 87 
28 63 88 
3 31 88 
28 43 88 
63 74 89 
24 87 89 
46 86 89 
3 31 90 
30 48 90 
3 38 91 
31 41 91 
21 63 91 
7 18 92 
15 83 92 
4 49 92 
6 46 93 
22 40 93 
18 86 93 
38 42 94 
3 31 94 
6 24 95 
81 85 95 
3 24 95 
30 48 96 
3 22 96 
3 22 96 
17 25 97 
27 69 97 
27 76 97 
4 55 98 
69 97 98 
21 69 98 
76 97 99 
24 85 99 
6 28 99 
10 15 100 
3 42 100 
4 29 100 
48 77 101 
3 31 101 
6 93 101 
21 40 102 
3 38 102 
30 42 102 
24 35 103 
24 81 103 
20 33 103 
97 98 104 
21 56 104 
43 83 104 
21 36 105 
57 75 105 
4 24 105 
32 34 106 
22 93 106 
36 56 106 
21 91 107 
58 71 107 
31 47 107 
43 88 108 
4 78 108 
28 63 108 
3 22 109 
4 21 109 
36 77 109 
28 66 110 
70 73 110 
24 34 111 
30 50 111 
17 37 112 
21 48 112 
3 24 112 
15 100 113 
21 40 113 
21 24 113 
86 89 114 
15 43 114 
22 35 114 
24 35 115 
7 33 115 
6 69 115 
6 24 116 
40 93 116 
27 76 116 
27 76 117 
28 110 117 
30 41 117 
31 75 118 
17 37 118 
98 104 118 
5 41 119 
71 82 119 
3 38 119 
3 24 120 
21 24 120 
21 113 120 
38 91 121 
69 84 121 
24 60 121 
24 60 122 
31 47 122 
3 46 122 
85 99 123 
3 91 123 
42 52 123 
30 41 124 
4 49 124 
3 120 124 
47 59 125 
31 60 125 
58 71 125 
21 54 126 
21 77 126 
4 21 126 
17 25 127 
24 66 127 
20 77 127 
52 74 128 
3 96 128 
3 66 128 
24 65 129 
27 117 129 
21 36 129 
32 106 130 
10 64 130 
24 31 130 
22 106 131 
22 45 131 
32 38 132 
21 53 132 
21 126 132 
21 24 133 
24 103 133 
21 132 134 
77 126 134 
17 26 134 
24 35 135 
6 24 135 
17 118 135 
27 97 136 
6 69 136 
5 33 136 
24 66 137 
3 46 137 
17 112 137 
48 85 138 
71 77 138 
3 50 138 
22 96 139 
91 121 139 
24 26 139 
24 99 140 
98 104 140 
97 136 141 
6 24 141 
17 25 141 
27 76 142 
4 55 142 
4 78 142 
21 133 143 
6 24 143 
31 70 143 
15 83 144 
15 66 144 
21 35 144 
74 89 145 
36 77 145 
4 78 145 
10 39 146 
15 66 146 
17 141 146 
22 55 147 
28 76 147 
6 135 147 
15 92 148 
24 66 148 
7 18 148 
21 35 149 
20 61 149 
26 68 150 
5 39 150 
3 22 150 
22 35 151 
18 93 151 
71 119 152 
56 75 152 
4 78 152 
3 78 153 
4 49 153 
6 141 153 
40 46 154 
6 143 154 
31 82 154 
38 132 155 
21 53 155 
21 45 155 
3 150 156 
48 96 156 
104 118 156 
22 41 157 
27 76 157 
24 46 157 
3 40 158 
38 102 158 
28 88 158 
21 63 159 
6 141 159 
16 58 159 
3 66 160 
18 93 160 
17 25 160 
31 91 161 
3 31 161 
21 40 161 
21 24 162 
3 40 162 
3 31 162 
93 116 163 
22 93 163 
21 47 163 
66 160 164 
76 97 164 
141 146 164 
55 87 165 
6 46 165 
10 80 165 
4 21 166 
6 147 166 
71 119 166 
22 93 167 
77 109 167 
21 37 167 
28 43 168 
71 138 168 
68 150 168 
27 76 169 
20 50 169 
104 156 170 
33 73 170 
5 44 170 
44 170 171 
55 147 171 
6 136 171 
60 121 172 
31 51 172 
3 161 172 
37 118 173 
4 49 173 
10 80 173 
18 93 174 
31 56 174 
69 115 174 
3 58 175 
66 128 175 
132 155 175 
4 153 176 
56 152 176 
3 40 176 
40 46 177 
5 39 177 
22 25 177 
63 91 178 
49 153 178 
40 52 178 
3 22 179 
24 113 179 
96 139 180 
76 142 180 
21 120 180 
27 76 181 
55 171 181 
93 163 181 
4 21 182 
22 39 182 
25 61 183 
28 110 183 
17 78 183 
73 110 184 
18 93 184 
31 172 184 
24 66 185 
77 101 185 
24 34 185 
24 113 186 
27 69 186 
3 31 186 
10 173 187 
16 58 187 
10 15 187 
28 168 188 
146 164 188 
66 148 188 
15 43 189 
3 31 189 
24 121 189 
56 152 190 
4 21 190 
16 58 190 
22 35 191 
4 29 191 
22 157 192 
4 49 192 
6 141 192 
3 109 193 
21 54 193 
21 80 193 
46 52 194 
22 30 194 
69 121 194 
24 60 195 
24 122 195 
6 24 195 
63 88 196 
22 53 196 
24 46 196 
27 76 197 
118 135 197 
33 73 197 
132 134 198 
69 76 198 
76 197 198 
71 119 199 
40 62 199 
36 77 199 
60 195 200 
87 89 200 
38 132 200 
3 42 201 
7 33 201 
4 153 201 
97 141 202 
24 135 202 
31 51 202 
43 88 203 
97 141 203 
43 88 203 
39 146 204 
64 130 204 
71 119 204 
93 163 205 
21 132 205 
24 89 205 
91 121 206 
17 134 206 
10 48 206 
98 104 207 
21 40 207 
3 22 207 
24 189 208 
17 112 208 
3 44 208 
22 39 209 
17 78 209 
112 137 209 
22 53 210 
73 110 210 
22 150 210 
24 46 211 
42 52 211 
134 206 211 
15 83 212 
3 24 212 
24 133 212 
63 88 213 
132 155 213 
163 205 213 
62 67 214 
56 104 214 
21 69 214 
31 70 215 
22 210 215 
150 168 215 
48 85 216 
74 89 216 
31 91 216 
116 163 217 
6 159 217 
4 142 218 
24 84 218 
78 142 218 
6 141 219 
24 46 219 
24 185 219 
17 25 220 
40 176 220 
163 181 220 
37 167 221 
20 30 221 
27 129 221 
31 161 222 
21 43 222 
85 216 222 
15 83 223 
93 163 223 
122 195 223 
98 118 224 
3 24 224 
40 93 225 
17 206 225 
24 85 225 
21 133 226 
3 40 226 
63 91 226 
116 217 227 
106 131 227 
21 55 227 
3 36 228 
17 72 228 
93 163 228 
156 170 229 
17 81 229 
93 205 229 
69 97 230 
7 33 230 
58 175 230 
27 76 231 
22 31 231 
40 158 232 
35 115 232 
46 78 232 
37 118 233 
3 22 233 
24 113 233 
21 24 234 
126 134 234 
22 179 235 
25 32 235 
55 227 235 
121 194 236 
21 63 236 
18 93 236 
18 148 237 
10 187 237 
50 169 237 
17 78 238 
4 98 238 
6 101 238 
47 163 239 
21 193 239 
27 76 239 
30 42 240 
24 113 240 
31 202 240 
6 24 241 
4 21 241 
7 18 242 
6 166 242 
8 26 242 
153 178 243 
81 103 243 
17 209 243 
66 175 244 
31 240 244 
6 24 244 
33 136 245 
30 124 245 
193 239 245 
63 74 246 
22 231 246 
132 205 246 
24 46 247 
21 155 247 
21 133 247 
30 64 248 
15 80 248 
70 73 248 
3 179 249 
46 86 249 
34 111 250 
42 102 250 
20 77 250 
38 132 251 
15 223 251 
63 108 252 
21 132 252 
6 24 252 
63 196 253 
24 111 253 
4 24 253 
38 94 254 
22 31 254 
24 113 254 
22 93 255 
55 171 255 
36 56 255 
4 105 256 
78 153 256 
93 163 256 
3 153 257 
50 74 257 
21 132 257 
24 35 258 
34 111 258 
3 22 258 
49 153 259 
10 28 259 
